index	factor	offset
001		1.0		0.0
002		1.0		0.0
003		1.0		0.0
004		1.0		0.0
005		1.0		0.0
006		1.0		0.0
007		1.0		0.0
008		1.0		0.0
009		1.0		0.0
010		1.0		0.0
011		1.0		0.0
012		1.0		0.0
013		1.0		0.0
014		1.0		0.0
015		1.0		0.0
016		1.0		0.0
017		1.0		0.0
018		1.0		0.0
019		1.0		0.0
020		1.0		0.0
021		1.0		0.0
022		1.0		0.0
023		1.0		0.0
024		1.0		0.0
025		1.0		0.0
026		1.0		0.0
027		1.0		0.0
028		1.0		0.0
029		1.0		0.0
030		1.0		0.0	
031		1.0		0.0
032		1.0		0.0
033		1.0		0.0
034		1.0		0.0
035		1.0		0.0
036		1.0		0.0
037		1.0		0.0
038		1.0		0.0
039		1.0		0.0
040		1.0		0.0
041		1.0		0.0
042		1.0		0.0
043		1.0		0.0
044		1.0		0.0
045		1.0		0.0
046		1.0		0.0
047		1.0		0.0
048		1.0		0.0
049		1.0		0.0
050		1.0		0.0
051		1.0		0.0
052		1.0		0.0
053		1.0		0.0
054		1.0		0.0
055		1.0		0.0
056		1.0		0.0
057		1.0		0.0
058		1.0		0.0
059		1.0		0.0
060		1.0		0.0
061		1.0		0.0
062		1.0		0.0
063		1.0		0.0
064		1.0		0.0
065		1.0		0.0
066		1.0		0.0
067		1.0		0.0
068		1.0		0.0
069		1.0		0.0
070		1.0		0.0
071		1.0		0.0
072		1.0		0.0
073		1.0		0.0
074		1.0		0.0
075		1.0		0.0
076		1.0		0.0
077		1.0		0.0
078		1.0		0.0
079		1.0		0.0
080		1.0		0.0
081		1.0		0.0
082		1.0		0.0
083		1.0		0.0
084		1.0		0.0
085		1.0		0.0
086		1.0		0.0
087		1.0		0.0
088		1.0		0.0
089		1.0		0.0
090		1.0		0.0
091		1.0		0.0
092		1.0		0.0
093		1.0		0.0
094		1.0		0.0
095		1.0		0.0
096		1.0		0.0
097		1.0		0.0
098		1.0		0.0
099		1.0		0.0
100		1.0		0.0
101		1.0		0.0
102		1.0		0.0
103		1.0		0.0
104		1.0		0.0
105		1.0		0.0
106		1.0		0.0
107		1.0		0.0
108		1.0		0.0
109		1.0		0.0
110		1.0		0.0
111		1.0		0.0
112		1.0		0.0
113		1.0		0.0
114		1.0		0.0
115		1.0		0.0
116		1.0		0.0
117		1.0		0.0
118		1.0		0.0
119		1.0		0.0
120		1.0		0.0
121		1.0		0.0
122		1.0		0.0
123		1.0		0.0
124		1.0		0.0
125		1.0		0.0
126		1.0		0.0
127		1.0		0.0
128		1.0		0.0
129		1.0		0.0
130		1.0		0.0
131		1.0		0.0
132		1.0		0.0
133		1.0		0.0
134		1.0		0.0
135		1.0		0.0
136		1.0		0.0
137		1.0		0.0
138		1.0		0.0
139		1.0		0.0
140		1.0		0.0
141		1.0		0.0
142		1.0		0.0
143		1.0		0.0
144		1.0		0.0
145		1.0		0.0
146		1.0		0.0
147		1.0		0.0
148		1.0		0.0
149		1.0		0.0
150		1.0		0.0
151		1.0		0.0
152		1.0		0.0
153		1.0		0.0
154		1.0		0.0
155		1.0		0.0
156		1.0		0.0
157		1.0		0.0
158		1.0		0.0
159		1.0		0.0
160		1.0		0.0
161		1.0		0.0
162		1.0		0.0
163		1.0		0.0
164		1.0		0.0
165		1.0		0.0
166		1.0		0.0
167		1.0		0.0
168		1.0		0.0
169		1.0		0.0
170		1.0		0.0
171		1.0		0.0
172		1.0		0.0
173		1.0		0.0
174		1.0		0.0
175		1.0		0.0
176		1.0		0.0
177		1.0		0.0
178		1.0		0.0
179		1.0		0.0
180		1.0		0.0
181		1.0		0.0
182		1.0		0.0
183		1.0		0.0
184		1.0		0.0
185		1.0		0.0
186		1.0		0.0
187		1.0		0.0
188		1.0		0.0
189		1.0		0.0
190		1.0		0.0
191		1.0		0.0
192		1.0		0.0
193		1.0		0.0
194		1.0		0.0
195		1.0		0.0
196		1.0		0.0
197		1.0		0.0
198		1.0		0.0
199		1.0		0.0
200		1.0		0.0
201		1.0		0.0
202		1.0		0.0
203		1.0		0.0
204		1.0		0.0
205		1.0		0.0
206		1.0		0.0
207		1.0		0.0
208		1.0		0.0
209		1.0		0.0
210		1.0		0.0
211		1.0		0.0
212		1.0		0.0
213		1.0		0.0
214		1.0		0.0
215		1.0		0.0
216		1.0		0.0
217		1.0		0.0
218		1.0		0.0
219		1.0		0.0
220		1.0		0.0
221		1.0		0.0
222		1.0		0.0
223		1.0		0.0
224		1.0		0.0
225		1.0		0.0
226		1.0		0.0
227		1.0		0.0
228		1.0		0.0
229		1.0		0.0
230		1.0		0.0
231		1.0		0.0
232		1.0		0.0
233		1.0		0.0
234		1.0		0.0
235		1.0		0.0
236		1.0		0.0
237		1.0		0.0
238		1.0		0.0
239		1.0		0.0
240		1.0		0.0
241		1.0		0.0
242		1.0		0.0
243		1.0		0.0
244		1.0		0.0
245		1.0		0.0
246		1.0		0.0
247		1.0		0.0
248		1.0		0.0
249		1.0		0.0
250		1.0		0.0
251		1.0		0.0
252		1.0		0.0
253		1.0		0.0
254		1.0		0.0
255		1.0		0.0
256		1.0		0.0
