HARDWARE	MONITORING
1			161
2			181
3			162
4			182
5			163
6			183
7			164
8			184
9			165
10			185
11			166
12			186
13			167
14			187
15			168
16			188
17			169
18			189
19			170
20			190
21			171
22			191
23			172
24			192
25			173
26			193
27			174
28			194
29			175
30			195
31			176
32			196
33			177
34			197
35			178
36			198
37			179
38			199
39			180
40			200
41			121
42			141
43			122
44			142
45			123
46			143
47			124
48			144
49			125
50			145
51			201
52			202
53			203
54			204
55			205
56			206
57			207
58			208
59			209
60			210
61			211
62			212
63			213
64			214
65			126
66			146
67			127
68			147
69			128
70			148
71			129
72			149
73			130
74			150
75			131
76			151
77			132
78			152
79			133
80			153
81			134
82			154
83			135
84			155
85			136
86			156
87			137
88			157
89			138
90			158
91			139
92			159
93			140
94			160
95			81
96			101
97			82
98			102
99			83
100			103
101			84
102			104
103			85
104			105
105			86
106			106
107			87
108			107
109			88
110			108
111			89
112			109
113			90
114			110
115			215
116			216
117			217
118			218
119			219
120			220
121			221
122			222
123			223
124			224
125			225
126			226
127			227
128			228
129			91
130			111
131			92
132			112
133			93
134			113
135			94
136			114
137			95
138			115
139			96
140			116
141			97
142			117
143			98
144			118
145			99
146			119
147			100
148			120
149			41
150			61
151			42
152			62
153			43
154			63
155			44
156			64
157			45
158			65
159			46
160			66
161			47
162			67
163			48
164			68
165			49
166			69
167			50
168			70
169			51
170			71
171			52
172			72
173			53
174			73
175			54
176			74
177			55
178			75
179			229
180			230
181			231
182			232
183			233
184			234
185			235
186			236
187			237
188			238
189			239
190			240
191			241
192			242
193			56
194			76
195			57
196			77
197			58
198			78
199			59
200			79
201			60
202			80
203			1
204			21
205			2
206			22
207			3
208			23
209			4
210			24
211			5
212			25
213			6
214			26
215			7
216			27
217			8
218			28
219			9
220			29
221			10
222			30
223			11
224			31
225			12
226			32
227			13
228			33
229			14
230			34
231			15
232			35
233			16
234			36
235			17
236			37
237			18
238			38
239			19
240			39
241			20
242			40
243			243
244			244
245			245
246			246
247			247
248			248
249			249
250			250
251			251
252			252
253			253
254			254
255			255
256			256
