index_ch	hw_bd	hw_ch
1			1		1
2			1		2
3			1		3
4			1		4
5			1		5
6			1		6
7			1		7
8			1		8
9			1		9
10			1		10
11			1		11
12			1		12
13			1		13
14			1		14
15			1		15
16			1		16
17			1		17
18			1		18
19			1		19
20			1		20
21			1		21
22			1		22
23			1		23
24			1		24
25			1		25
26			1		26
27			1		27
28			1		28
29			1		29
30			1		30
31			1		31
32			1		32
33			1		33
34			1		34
35			1		35
36			1		36
37			1		37
38			1		38
39			1		39
40			1		40
41			1		41
42			1		42
43			1		43
44			1		44
45			1		45
46			1		46
47			1		47
48			1		48
49			1		49
50			1		50
51			1		51
52			1		52
53			1		53
54			1		54
55			1		55
56			1		56
57			1		57
58			1		58
59			1		59
60			1		60
61			1		61
62			1		62
63			1		63
64			1		64
65			2		1
66			2		2
67			2		3
68			2		4
69			2		5
70			2		6
71			2		7
72			2		8
73			2		9
74			2		10
75			2		11
76			2		12
77			2		13
78			2		14
79			2		15
80			2		16
81			2		17
82			2		18
83			2		19
84			2		20
85			2		21
86			2		22
87			2		23
88			2		24
89			2		25
90			2		26
91			2		27
92			2		28
93			2		29
94			2		30
95			2		31
96			2		32
97			2		33
98			2		34
99			2		35
100			2		36
101			2		37
102			2		38
103			2		39
104			2		40
105			2		41
106			2		42
107			2		43
108			2		44
109			2		45
110			2		46
111			2		47
112			2		48
113			2		49
114			2		50
115			2		51
116			2		52
117			2		53
118			2		54
119			2		55
120			2		56
121			2		57
122			2		58
123			2		59
124			2		60
125			2		61
126			2		62
127			2		63
128			2		64
129			3		1
130			3		2
131			3		3
132			3		4
133			3		5
134			3		6
135			3		7
136			3		8
137			3		9
138			3		10
139			3		11
140			3		12
141			3		13
142			3		14
143			3		15
144			3		16
145			3		17
146			3		18
147			3		19
148			3		20
149			3		21
150			3		22
151			3		23
152			3		24
153			3		25
154			3		26
155			3		27
156			3		28
157			3		29
158			3		30
159			3		31
160			3		32
161			3		33
162			3		34
163			3		35
164			3		36
165			3		37
166			3		38
167			3		39
168			3		40
169			3		41
170			3		42
171			3		43
172			3		44
173			3		45
174			3		46
175			3		47
176			3		48
177			3		49
178			3		50
179			3		51
180			3		52
181			3		53
182			3		54
183			3		55
184			3		56
185			3		57
186			3		58
187			3		59
188			3		60
189			3		61
190			3		62
191			3		63
192			3		64
193			4		1
194			4		2
195			4		3
196			4		4
197			4		5
198			4		6
199			4		7
200			4		8
201			4		9
202			4		10
203			4		11
204			4		12
205			4		13
206			4		14
207			4		15
208			4		16
209			4		17
210			4		18
211			4		19
212			4		20
213			4		21
214			4		22
215			4		23
216			4		24
217			4		25
218			4		26
219			4		27
220			4		28
221			4		29
222			4		30
223			4		31
224			4		32
225			4		33
226			4		34
227			4		35
228			4		36
229			4		37
230			4		38
231			4		39
232			4		40
233			4		41
234			4		42
235			4		43
236			4		44
237			4		45
238			4		46
239			4		47
240			4		48
241			4		49
242			4		50
243			4		51
244			4		52
245			4		53
246			4		54
247			4		55
248			4		56
249			4		57
250			4		58
251			4		59
252			4		60
253			4		61
254			4		62
255			4		63
256			4		64
