MCTS_Calibration_File
KJG001-00
date

voltage
range1
ch01
setPointNum   
7 
setPoint      
5000 10000 30000 50000 70000 90000 110000 0 0 0 0 0 0 0 0 
checkPointNum 
7 
checkPoint    
5000 10000 30000 50000 70000 90000 110000 0 0 0 0 0 0 0 0 
set_ad        
5006 10018 30055 50107 70149 90198 110244 0 0 0 0 0 0 0 0 
set_meter     
5432 10888 32723 54556 76393 98228 120070 0 0 0 0 0 0 0 0 
check_ad      
5008 9999 29996 49989 69999 89995 109999 0 0 0 0 0 0 0 0 
check_meter   
5001 10003 30002 49997 70003 90001 110003 0 0 0 0 0 0 0 0 
DA_A          
0.916422 0.915961 0.916045 0.915877 0.915961 0.915667 0.000000 0.000000 0.000000 0.000000 0.000000 0.000000 0.000000 0.000000 
DA_B          
21.994135 27.020838 24.275179 33.429501 27.020838 55.855690 0.000000 0.000000 0.000000 0.000000 0.000000 0.000000 0.000000 0.000000 
AD_A          
1.088587 1.089734 1.088819 1.089562 1.089082 1.089594 0.000000 0.000000 0.000000 0.000000 0.000000 0.000000 0.000000 0.000000 
AD_B
-17.468475 -28.955133 -1.457161 -38.679123 -4.995661 -51.193653 0.000000 0.000000 0.000000 0.000000 0.000000 0.000000 0.000000 0.000000 
AD_Ratio      
1.000000 1.000000

ch02
setPointNum   
7 
setPoint      
5000 10000 30000 50000 70000 90000 110000 0 0 0 0 0 0 0 0 
checkPointNum 
7 
checkPoint    
5000 10000 30000 50000 70000 90000 110000 0 0 0 0 0 0 0 0 
set_ad        
5007 10011 30036 50071 70111 90134 110176 0 0 0 0 0 0 0 0 
set_meter     
5448 10913 32782 54649 76519 98388 120264 0 0 0 0 0 0 0 0 
check_ad      
5000 9996 30008 50004 70008 90007 110001 0 0 0 0 0 0 0 0 
check_meter   
4999 10002 29998 49999 70002 90001 110004 0 0 0 0 0 0 0 0 
DA_A          
0.914913 0.914537 0.914620 0.914495 0.914537 0.914244 0.000000 0.000000 0.000000 0.000000 0.000000 0.000000 0.000000 0.000000 
DA_B          
15.553522 19.662537 16.920473 23.776863 20.577072 49.369171 0.000000 0.000000 0.000000 0.000000 0.000000 0.000000 0.000000 0.000000 
AD_A          
1.092126 1.092085 1.091440 1.091317 1.092194 1.091508 0.000000 0.000000 0.000000 0.000000 0.000000 0.000000 0.000000 0.000000 
AD_B
-20.276379 -19.861872 -0.491240 5.648203 -55.811916 6.032931 0.000000 0.000000 0.000000 0.000000 0.000000 0.000000 0.000000 0.000000 
AD_Ratio      
1.000000 1.000000

ch03
setPointNum   
7 
setPoint      
5000 10000 30000 50000 70000 90000 110000 0 0 0 0 0 0 0 0 
checkPointNum 
7 
checkPoint    
5000 10000 30000 50000 70000 90000 110000 0 0 0 0 0 0 0 0 
set_ad        
4961 9939 29864 49789 69711 89637 109571 0 0 0 0 0 0 0 0 
set_meter     
5391 10821 32550 54280 76009 97735 119471 0 0 0 0 0 0 0 0 
check_ad      
4995 9998 30008 50006 69998 90007 109975 0 0 0 0 0 0 0 0 
check_meter   
4998 10004 30002 50002 69998 90003 109998 0 0 0 0 0 0 0 0 
DA_A          
0.920810 0.920429 0.920387 0.920429 0.920556 0.920133 0.000000 0.000000 0.000000 0.000000 0.000000 0.000000 0.000000 0.000000 
DA_B          
35.911602 40.038658 41.417397 39.118229 29.457792 70.850204 0.000000 0.000000 0.000000 0.000000 0.000000 0.000000 0.000000 0.000000 
AD_A          
1.090800 1.090540 1.090590 1.090704 1.090334 1.090398 0.000000 0.000000 0.000000 0.000000 0.000000 0.000000 0.000000 0.000000 
AD_B
-20.456408 -17.872322 -19.371141 -25.048740 0.710027 -5.033711 0.000000 0.000000 0.000000 0.000000 0.000000 0.000000 0.000000 0.000000 
AD_Ratio      
1.000000 1.000000

ch04
setPointNum   
7 
setPoint      
5000 10000 30000 50000 70000 90000 110000 0 0 0 0 0 0 0 0 
checkPointNum 
7 
checkPoint    
5000 10000 30000 50000 70000 90000 110000 0 0 0 0 0 0 0 0 
set_ad        
4988 9952 29887 49835 69772 89708 109614 0 0 0 0 0 0 0 0 
set_meter     
5384 10806 32499 54195 75890 97586 119289 0 0 0 0 0 0 0 0 
check_ad      
4986 10023 30014 49989 69988 89991 109999 0 0 0 0 0 0 0 0 
check_meter   
5002 10001 30003 50000 70001 89999 110000 0 0 0 0 0 0 0 0 
DA_A          
0.922169 0.921956 0.921829 0.921871 0.921829 0.921532 0.000000 0.000000 0.000000 0.000000 0.000000 0.000000 0.000000 0.000000 
DA_B          
35.042419 37.339233 41.482300 39.179535 42.404129 71.418701 0.000000 0.000000 0.000000 0.000000 0.000000 0.000000 0.000000 0.000000 
AD_A          
1.092264 1.088187 1.087628 1.088178 1.088282 1.090274 0.000000 0.000000 0.000000 0.000000 0.000000 0.000000 0.000000 0.000000 
AD_B
-64.214340 -23.633108 -6.933026 -34.338665 -41.646870 -220.325928 0.000000 0.000000 0.000000 0.000000 0.000000 0.000000 0.000000 0.000000 
AD_Ratio      
1.000000 1.000000

ch05
setPointNum   
7 
setPoint      
5000 10000 30000 50000 70000 90000 110000 0 0 0 0 0 0 0 0 
checkPointNum 
7 
checkPoint    
5000 10000 30000 50000 70000 90000 110000 0 0 0 0 0 0 0 0 
set_ad        
4981 9976 29948 49935 69911 89891 109884 0 0 0 0 0 0 0 0 
set_meter     
5407 10846 32608 54372 76137 97904 119678 0 0 0 0 0 0 0 0 
check_ad      
5000 10005 30009 50000 69993 89997 110009 0 0 0 0 0 0 0 0 
check_meter   
5001 10003 30003 50000 70000 90003 110000 0 0 0 0 0 0 0 0 
DA_A          
0.919287 0.919033 0.918949 0.918907 0.918822 0.918527 0.000000 0.000000 0.000000 0.000000 0.000000 0.000000 0.000000 0.000000 
DA_B          
29.417171 32.166161 34.920052 37.215714 43.644047 72.563606 0.000000 0.000000 0.000000 0.000000 0.000000 0.000000 0.000000 0.000000 
AD_A          
1.088889 1.089625 1.088908 1.089558 1.089439 1.089081 0.000000 0.000000 0.000000 0.000000 0.000000 0.000000 0.000000 0.000000 
AD_B
-16.755556 -24.103745 -2.610497 -35.052212 -26.800652 5.403791 0.000000 0.000000 0.000000 0.000000 0.000000 0.000000 0.000000 0.000000 
AD_Ratio      
1.000000 1.000000

ch06
setPointNum   
7 
setPoint      
5000 10000 30000 50000 70000 90000 110000 0 0 0 0 0 0 0 0 
checkPointNum 
7 
checkPoint    
5000 10000 30000 50000 70000 90000 110000 0 0 0 0 0 0 0 0 
set_ad        
5000 10014 30101 50173 70260 90317 110408 0 0 0 0 0 0 0 0 
set_meter     
5441 10919 32838 54754 76674 98590 120516 0 0 0 0 0 0 0 0 
check_ad      
4996 10005 29992 50000 69993 90001 110013 0 0 0 0 0 0 0 0 
check_meter   
5003 10006 29999 49999 70000 90002 110001 0 0 0 0 0 0 0 0 
DA_A          
0.912742 0.912450 0.912575 0.912409 0.912575 0.912159 0.000000 0.000000 0.000000 0.000000 0.000000 0.000000 0.000000 0.000000 
DA_B          
33.771450 36.954239 32.852711 41.970802 29.202410 70.236252 0.000000 0.000000 0.000000 0.000000 0.000000 0.000000 0.000000 0.000000 
AD_A          
1.092541 1.091203 1.091869 1.091253 1.092686 1.091334 0.000000 0.000000 0.000000 0.000000 0.000000 0.000000 0.000000 0.000000 
AD_B
-21.704428 -8.309504 -28.356915 2.560761 -98.107491 23.948435 0.000000 0.000000 0.000000 0.000000 0.000000 0.000000 0.000000 0.000000 
AD_Ratio      
1.000000 1.000000

ch07
setPointNum   
7 
setPoint      
5000 10000 30000 50000 70000 90000 110000 0 0 0 0 0 0 0 0 
checkPointNum 
7 
checkPoint    
5000 10000 30000 50000 70000 90000 110000 0 0 0 0 0 0 0 0 
set_ad        
5004 9995 30018 50044 70067 90097 110123 0 0 0 0 0 0 0 0 
set_meter     
5434 10890 32726 54564 76399 98236 120076 0 0 0 0 0 0 0 0 
check_ad      
4988 10018 30009 50007 70006 89990 109981 0 0 0 0 0 0 0 0 
check_meter   
5001 10004 30001 50000 69999 90002 109996 0 0 0 0 0 0 0 0 
DA_A          
0.916422 0.915919 0.915835 0.915961 0.915877 0.915751 0.000000 0.000000 0.000000 0.000000 0.000000 0.000000 0.000000 0.000000 
DA_B          
20.161291 25.645723 28.390879 21.525074 27.934240 40.293041 0.000000 0.000000 0.000000 0.000000 0.000000 0.000000 0.000000 0.000000 
AD_A          
1.093168 1.090546 1.090482 1.090496 1.090215 1.090582 0.000000 0.000000 0.000000 0.000000 0.000000 0.000000 0.000000 0.000000 
AD_B
-36.211182 -10.005993 -8.099870 -8.778305 10.928158 -22.188354 0.000000 0.000000 0.000000 0.000000 0.000000 0.000000 0.000000 0.000000 
AD_Ratio      
1.000000 1.000000

ch08
setPointNum   
7 
setPoint      
5000 10000 30000 50000 70000 90000 110000 0 0 0 0 0 0 0 0 
checkPointNum 
7 
checkPoint    
5000 10000 30000 50000 70000 90000 110000 0 0 0 0 0 0 0 0 
set_ad        
4966 9954 29872 49802 69735 89664 109598 0 0 0 0 0 0 0 0 
set_meter     
5369 10790 32481 54171 75863 97553 119252 0 0 0 0 0 0 0 0 
check_ad      
5007 10007 30003 50007 70003 90009 110004 0 0 0 0 0 0 0 0 
check_meter   
5000 10004 30001 50001 70004 90004 110002 0 0 0 0 0 0 0 0 
DA_A          
0.922339 0.922041 0.922084 0.921999 0.922084 0.921701 0.000000 0.000000 0.000000 0.000000 0.000000 0.000000 0.000000 0.000000 
DA_B          
47.961632 51.173298 49.792530 54.397934 47.948364 85.257385 0.000000 0.000000 0.000000 0.000000 0.000000 0.000000 0.000000 0.000000 
AD_A          
1.086808 1.089015 1.088309 1.088246 1.088364 1.088542 0.000000 0.000000 0.000000 0.000000 0.000000 0.000000 0.000000 0.000000 
AD_B
-28.090216 -50.054924 -28.968891 -25.808508 -34.042000 -50.046856 0.000000 0.000000 0.000000 0.000000 0.000000 0.000000 0.000000 0.000000 
AD_Ratio      
1.000000 1.000000

range2
ch01
setPointNum   
7 
setPoint      
5000 10000 20000 30000 40000 50000 60000 0 0 0 0 0 0 0 0 
checkPointNum 
7 
checkPoint    
5000 10000 20000 30000 40000 50000 60000 0 0 0 0 0 0 0 0 
set_ad        
5016 10030 20056 30076 40101 50117 60144 0 0 0 0 0 0 0 0 
set_meter     
4984 9988 19994 30000 40009 50014 60022 0 0 0 0 0 0 0 0 
check_ad      
5000 10002 20001 30002 39997 49999 59994 0 0 0 0 0 0 0 0 
check_meter   
4999 10000 20000 30000 40000 50000 59999 0 0 0 0 0 0 0 0 
DA_A          
0.999201 0.999400 0.999400 0.999101 0.999500 0.999201 0.000000 0.000000 0.000000 0.000000 0.000000 0.000000 0.000000 0.000000 
DA_B          
19.984013 17.989206 17.989206 26.975721 10.994503 25.979218 0.000000 0.000000 0.000000 0.000000 0.000000 0.000000 0.000000 0.000000 
AD_A          
0.998006 0.998005 0.998603 0.998404 0.998902 0.998105 0.000000 0.000000 0.000000 0.000000 0.000000 0.000000 0.000000 0.000000 
AD_B
-21.996012 -21.992022 -33.977646 -27.998404 -47.959366 -8.034108 0.000000 0.000000 0.000000 0.000000 0.000000 0.000000 0.000000 0.000000 
AD_Ratio      
1.000000 1.000000

ch02
setPointNum   
7 
setPoint      
5000 10000 20000 30000 40000 50000 60000 0 0 0 0 0 0 0 0 
checkPointNum 
7 
checkPoint    
5000 10000 20000 30000 40000 50000 60000 0 0 0 0 0 0 0 0 
set_ad        
5024 10031 20043 30056 40073 50089 60105 0 0 0 0 0 0 0 0 
set_meter     
4993 10005 20026 30047 40071 50092 60114 0 0 0 0 0 0 0 0 
check_ad      
4998 10001 20002 29997 39999 50002 60002 0 0 0 0 0 0 0 0 
check_meter   
4999 9999 20000 30000 40000 50000 59999 0 0 0 0 0 0 0 0 
DA_A          
0.997606 0.997904 0.997904 0.997606 0.997904 0.997805 0.000000 0.000000 0.000000 0.000000 0.000000 0.000000 0.000000 0.000000 
DA_B          
18.954510 15.966471 15.966471 24.940144 12.972757 17.960487 0.000000 0.000000 0.000000 0.000000 0.000000 0.000000 0.000000 0.000000 
AD_A          
1.000999 1.000899 1.000799 1.000699 1.000499 1.000599 0.000000 0.000000 0.000000 0.000000 0.000000 0.000000 0.000000 0.000000 
AD_B
-36.016975 -35.017078 -33.013584 -30.003494 -22.004494 -27.005392 0.000000 0.000000 0.000000 0.000000 0.000000 0.000000 0.000000 0.000000 
AD_Ratio      
1.000000 1.000000

ch03
setPointNum   
7 
setPoint      
5000 10000 20000 30000 40000 50000 60000 0 0 0 0 0 0 0 0 
checkPointNum 
7 
checkPoint    
5000 10000 20000 30000 40000 50000 60000 0 0 0 0 0 0 0 0 
set_ad        
4984 9969 19932 29882 39848 49805 59773 0 0 0 0 0 0 0 0 
set_meter     
4947 9927 19885 29843 39803 49760 59719 0 0 0 0 0 0 0 0 
check_ad      
5003 10000 20002 29996 40003 49999 59994 0 0 0 0 0 0 0 0 
check_meter   
5000 9998 19999 29999 40000 49998 59998 0 0 0 0 0 0 0 0 
DA_A          
1.004016 1.004218 1.004218 1.004016 1.004319 1.004117 0.000000 0.000000 0.000000 0.000000 0.000000 0.000000 0.000000 0.000000 
DA_B          
33.132530 31.130749 31.130749 37.148594 25.107964 35.144093 0.000000 0.000000 0.000000 0.000000 0.000000 0.000000 0.000000 0.000000 
AD_A          
0.998997 0.999498 1.000804 0.999398 1.000000 0.999097 0.000000 0.000000 0.000000 0.000000 0.000000 0.000000 0.000000 0.000000 
AD_B
-32.001003 -36.996990 -63.025730 -21.009632 -45.000000 -0.031601 0.000000 0.000000 0.000000 0.000000 0.000000 0.000000 0.000000 0.000000 
AD_Ratio      
1.000000 1.000000

ch04
setPointNum   
7 
setPoint      
5000 10000 20000 30000 40000 50000 60000 0 0 0 0 0 0 0 0 
checkPointNum 
7 
checkPoint    
5000 10000 20000 30000 40000 50000 60000 0 0 0 0 0 0 0 0 
set_ad        
4998 9986 19951 29913 39878 49843 59806 0 0 0 0 0 0 0 0 
set_meter     
4934 9906 19848 29791 39734 49676 59619 0 0 0 0 0 0 0 0 
check_ad      
4992 9995 19993 29994 40002 50000 60003 0 0 0 0 0 0 0 0 
check_meter   
4999 10000 19998 29999 39998 49998 59998 0 0 0 0 0 0 0 0 
DA_A          
1.005632 1.005834 1.005733 1.005733 1.005834 1.005733 0.000000 0.000000 0.000000 0.000000 0.000000 0.000000 0.000000 0.000000 
DA_B          
38.213997 36.210018 38.217842 38.217842 34.198349 39.223576 0.000000 0.000000 0.000000 0.000000 0.000000 0.000000 0.000000 0.000000 
AD_A          
0.996792 0.997692 0.998093 0.997792 0.997692 0.997993 0.000000 0.000000 0.000000 0.000000 0.000000 0.000000 0.000000 0.000000 
AD_B
-47.967922 -56.951530 -64.948502 -55.960262 -51.958454 -66.943794 0.000000 0.000000 0.000000 0.000000 0.000000 0.000000 0.000000 0.000000 
AD_Ratio      
1.000000 1.000000

ch05
setPointNum   
7 
setPoint      
5000 10000 20000 30000 40000 50000 60000 0 0 0 0 0 0 0 0 
checkPointNum 
7 
checkPoint    
5000 10000 20000 30000 40000 50000 60000 0 0 0 0 0 0 0 0 
set_ad        
5003 9999 19984 29976 39967 49952 59941 0 0 0 0 0 0 0 0 
set_meter     
4964 9952 19926 29900 39875 49850 59826 0 0 0 0 0 0 0 0 
check_ad      
4994 9993 20005 29995 39998 50009 60009 0 0 0 0 0 0 0 0 
check_meter   
4999 9999 19999 30000 39999 50000 59999 0 0 0 0 0 0 0 0 
DA_A          
1.002406 1.002607 1.002607 1.002506 1.002506 1.002406 0.000000 0.000000 0.000000 0.000000 0.000000 0.000000 0.000000 0.000000 
DA_B          
24.057739 22.057348 22.057348 25.062656 25.062656 30.072174 0.000000 0.000000 0.000000 0.000000 0.000000 0.000000 0.000000 0.000000 
AD_A          
0.998399 0.998898 0.998199 0.998399 0.998999 0.998699 0.000000 0.000000 0.000000 0.000000 0.000000 0.000000 0.000000 0.000000 
AD_B
-30.988791 -35.984577 -22.000000 -27.995195 -51.972958 -36.990891 0.000000 0.000000 0.000000 0.000000 0.000000 0.000000 0.000000 0.000000 
AD_Ratio      
1.000000 1.000000

ch06
setPointNum   
7 
setPoint      
5000 10000 20000 30000 40000 50000 60000 0 0 0 0 0 0 0 0 
checkPointNum 
7 
checkPoint    
5000 10000 20000 30000 40000 50000 60000 0 0 0 0 0 0 0 0 
set_ad        
5023 10042 20079 30113 40153 50198 60231 0 0 0 0 0 0 0 0 
set_meter     
4996 10019 20062 30106 40153 50196 60242 0 0 0 0 0 0 0 0 
check_ad      
4998 10003 20005 29998 39999 49994 60005 0 0 0 0 0 0 0 0 
check_meter   
4998 9998 20000 30000 39999 50000 59999 0 0 0 0 0 0 0 0 
DA_A          
0.995421 0.995718 0.995619 0.995322 0.995718 0.995421 0.000000 0.000000 0.000000 0.000000 0.000000 0.000000 0.000000 0.000000 
DA_B          
26.876369 23.897242 25.886101 34.836269 18.918650 33.844315 0.000000 0.000000 0.000000 0.000000 0.000000 0.000000 0.000000 0.000000 
AD_A          
1.000797 1.000598 1.000997 1.000697 0.999801 1.001296 0.000000 0.000000 0.000000 0.000000 0.000000 0.000000 0.000000 0.000000 
AD_B
-31.003187 -29.002989 -37.010963 -27.995119 7.994624 -67.042755 0.000000 0.000000 0.000000 0.000000 0.000000 0.000000 0.000000 0.000000 
AD_Ratio      
1.000000 1.000000

ch07
setPointNum   
7 
setPoint      
5000 10000 20000 30000 40000 50000 60000 0 0 0 0 0 0 0 0 
checkPointNum 
7 
checkPoint    
5000 10000 20000 30000 40000 50000 60000 0 0 0 0 0 0 0 0 
set_ad        
5024 10029 20037 30044 40057 50062 60076 0 0 0 0 0 0 0 0 
set_meter     
4979 9984 19991 29999 40007 50015 60023 0 0 0 0 0 0 0 0 
check_ad      
4987 9994 19995 29990 39998 50006 59986 0 0 0 0 0 0 0 0 
check_meter   
4999 9999 20000 30000 39999 50000 60000 0 0 0 0 0 0 0 0 
DA_A          
0.999001 0.999300 0.999201 0.999201 0.999201 0.999201 0.000000 0.000000 0.000000 0.000000 0.000000 0.000000 0.000000 0.000000 
DA_B          
25.974026 22.983912 24.980017 24.980017 24.980017 24.980017 0.000000 0.000000 0.000000 0.000000 0.000000 0.000000 0.000000 0.000000 
AD_A          
1.000000 0.999900 1.000100 0.999501 1.000300 0.999401 0.000000 0.000000 0.000000 0.000000 0.000000 0.000000 0.000000 0.000000 
AD_B
-45.000000 -43.997902 -48.002300 -29.997503 -62.011093 -17.004793 0.000000 0.000000 0.000000 0.000000 0.000000 0.000000 0.000000 0.000000 
AD_Ratio      
1.000000 1.000000

ch08
setPointNum   
7 
setPoint      
5000 10000 20000 30000 40000 50000 60000 0 0 0 0 0 0 0 0 
checkPointNum 
7 
checkPoint    
5000 10000 20000 30000 40000 50000 60000 0 0 0 0 0 0 0 0 
set_ad        
4991 9973 19935 29903 39863 49830 59789 0 0 0 0 0 0 0 0 
set_meter     
4927 9898 19838 29778 39721 49660 59602 0 0 0 0 0 0 0 0 
check_ad      
4989 9997 20002 29997 40000 49992 59999 0 0 0 0 0 0 0 0 
check_meter   
4997 9998 20000 29998 40000 49998 59998 0 0 0 0 0 0 0 0 
DA_A          
1.005834 1.006036 1.006036 1.005733 1.006137 1.005834 0.000000 0.000000 0.000000 0.000000 0.000000 0.000000 0.000000 0.000000 
DA_B          
44.256687 42.253521 42.253521 51.292366 35.214809 50.291691 0.000000 0.000000 0.000000 0.000000 0.000000 0.000000 0.000000 0.000000 
AD_A          
0.997792 0.997792 0.997191 0.998293 0.997191 0.998293 0.000000 0.000000 0.000000 0.000000 0.000000 0.000000 0.000000 0.000000 
AD_B
-52.980129 -52.975708 -41.002808 -73.960747 -30.014046 -84.940254 0.000000 0.000000 0.000000 0.000000 0.000000 0.000000 0.000000 0.000000 
AD_Ratio      
1.000000 1.000000

range3
ch01
setPointNum   
0 
setPoint      
0 0 0 -200000 -150000 -100000 -50000 -20000 -8000 8000 20000 50000 100000 150000 200000 
checkPointNum 
0 
checkPoint    
0 0 0 -200000 -150000 -100000 -50000 -20000 -8000 8000 20000 50000 100000 150000 200000 
set_ad        
0 0 0 -199302 -149630 -100120 -50565 -20869 -8973 6844 18767 48520 98095 147644 197150 
set_meter     
0 0 0 -199308 -149585 -100056 -50564 -20826 -8918 6925 18817 48599 98235 148117 197681 
check_ad      
0 0 0 -199969 -149965 -100026 -49993 -20006 -7984 8012 19980 50071 99909 150047 200012 
check_meter   
0 0 0 -199956 -150001 -100106 -50002 -19993 -8008 8013 20002 50028 99963 149999 200019 
DA_A          
0.000000 0.000000 0.000000 1.005571 1.009510 1.010264 1.008810 1.007726 1.009782 1.009082 1.007320 1.007333 1.002366 1.008797 
DA_B          
0.000000 0.000000 0.000000 419.322021 1008.499023 1084.012695 1010.490601 987.906372 1006.248169 1011.100952 1044.255981 1043.598389 1531.615601 579.050293 
AD_A          
0.000000 0.000000 0.000000 1.001040 1.000370 0.998726 1.001432 1.001005 1.001710 0.997383 1.000963 1.001229 1.006736 1.001160 
AD_B
0.000000 0.000000 0.000000 200.611649 100.398911 -64.210686 72.608093 63.690125 70.018448 99.634178 32.435268 19.563318 -520.700073 302.631439 
AD_Ratio      
0.000000 0.000000

ch02
setPointNum   
1 
setPoint      
0 0 0 -200000 -150000 -100000 -50000 -20000 -8000 8000 20000 50000 100000 150000 200000 
checkPointNum 
0 
checkPoint    
0 0 0 -200000 -150000 -100000 -50000 -20000 -8000 8000 20000 50000 100000 150000 200000 
set_ad        
0 0 0 -199101 -149578 -100035 -50499 -20745 -8849 6982 18882 48615 98174 147723 197231 
set_meter     
0 0 0 -198739 -149296 -99909 -50444 -20764 -8935 6891 18764 48470 97937 147597 197064 
check_ad      
0 0 0 -200073 -150016 -100036 -49991 -19997 -8088 7972 20000 50019 100023 150022 200036 
check_meter   
0 0 0 -200012 -149996 -99997 -49996 -20002 -7997 8010 20002 50003 99988 149995 200014 
DA_A          
0.000000 0.000000 0.000000 1.011266 1.012412 1.010816 1.010782 1.014456 1.010867 1.010697 1.009897 1.010775 1.006847 1.010775 
DA_B          
0.000000 0.000000 0.000000 978.903992 1150.099243 990.598328 988.880371 1065.177734 1033.106079 1034.280518 1049.283936 1006.732727 1391.463013 811.653259 
AD_A          
0.000000 0.000000 0.000000 0.998399 0.996855 0.998567 0.997501 0.994344 0.999750 0.997778 0.999083 0.998133 1.002247 0.999170 
AD_B
0.000000 0.000000 0.000000 42.203648 -188.718826 -17.469631 -71.277283 -136.769745 -88.934555 -75.165634 -99.813789 -53.630440 -457.473450 -2.891020 
AD_Ratio      
0.000000 0.000000

ch03
setPointNum   
1 
setPoint      
0 0 0 -250000 -200000 -150000 -100000 -50000 -25000 -5000 0 5000 25000 50000 100000 
checkPointNum 
0 
checkPoint    
0 0 0 -250000 -200000 -150000 -100000 -50000 -25000 -5000 0 5000 25000 50000 100000 
set_ad        
200000 250000 0 -249936 -200060 -150027 -100036 -50045 -25014 -4960 -8 4926 25018 49974 99922 
set_meter     
199972 249899 0 -250478 -200416 -150328 -100222 -50098 -25025 -4954 6 5025 25097 50170 100304 
check_ad      
200516 250579 0 -250079 -199959 -150040 -99930 -49980 -25026 -5069 -9 5085 24903 49988 100143 
check_meter   
199983 249978 0 -249978 -199988 -149990 -99987 -49986 -24986 -5012 8 4999 24993 49988 99993 
DA_A          
199984000.000000 249980992.000000 0.000000 0.998762 0.998243 0.997885 0.997526 0.997088 0.996463 1.007659 0.996214 0.996413 0.997088 0.997327 
DA_B          
0.000998 0.000999 0.000000 168.789703 64.884804 10.975731 -24.939152 -46.864155 -62.529022 -7.052602 -6.972505 -7.970307 -24.926216 -36.900108 
AD_A          
-148725.343750 -264665.531250 0.000000 1.003719 1.001096 1.002305 1.002665 1.001663 1.000854 1.001999 1.016979 0.999000 1.004717 1.003711 
AD_B
0.001002 0.001003 0.000000 387.454834 -137.222107 44.045570 80.059326 29.903620 9.680712 15.361687 15.486704 104.067055 -38.968292 11.284926 
AD_Ratio      
55236.242188 845.051697

ch04
setPointNum   
1 
setPoint      
0 0 0 -120000 -100000 -75000 -50000 -25000 -10000 -4000 4000 10000 25000 50000 75000 
checkPointNum 
0 
checkPoint    
0 0 0 -120000 -100000 -75000 -50000 -25000 -10000 -4000 0 4000 10000 25000 50000 
set_ad        
100000 120000 0 -101558 -84572 -63370 -42198 -20979 -8273 -3187 3457 8545 21248 42482 63652 
set_meter     
101818 0 0 -117954 -98225 -73588 -48958 -24316 -9571 -3640 4066 9981 24752 49436 74059 
check_ad      
118411 0 0 -119971 -99998 -74983 -49981 -24985 -10012 -3995 -12 4004 9981 25011 49997 
check_meter   
99992 119991 0 -120000 -100003 -74990 -50000 -24995 -9990 -3999 0 3995 9996 25000 49991 
DA_A          
99992000.000000 119999000.000000 0.000000 1.013736 1.014734 1.015022 1.014528 1.017294 1.011634 1.037883 1.014370 1.015503 1.012802 1.015311 
DA_B          
0.001016 0.000000 0.000000 -424.756439 -326.745361 -305.522766 -329.722595 -262.462860 -316.642395 -221.069092 -125.442772 -136.753448 -69.882309 -193.923370 
AD_A          
-282390.156250 0.000000 0.000000 1.161436 1.162036 1.163317 1.161332 1.160496 1.165978 1.160135 1.162364 1.162859 1.162458 1.163079 
AD_B
0.001163 0.000000 0.000000 -1.031025 49.716293 130.936798 47.162750 29.618515 74.976311 56.355080 48.650188 44.420460 52.926842 26.581554 
AD_Ratio      
27338.923828 0.000000

ch05
setPointNum   
1 
setPoint      
0 0 0 0 -10000 -5000 -2500 -900 -750 -500 -250 250 500 750 900 
checkPointNum 
64 
checkPoint    
0 0 0 0 -10000 -5000 -2500 -900 -750 -500 -250 250 500 750 900 
set_ad        
5000 10000 0 0 -10266 -5247 -2744 -1141 -987 -741 -492 7 261 512 659 
set_meter     
4762 9766 0 0 -10249 -5219 -2706 -1101 -951 -706 -441 53 303 554 700 
check_ad      
4816 9826 0 0 -9984 -4994 -2496 -902 -754 -483 -261 249 502 744 906 
check_meter   
4999 10005 0 0 -9993 -4999 -2500 -901 -754 -486 -263 250 501 746 902 
DA_A          
4996999.000000 10004999.000000 0.000000 0.000000 0.994036 0.994827 0.996885 1.000000 1.020408 0.943396 1.008069 1.000000 0.996016 1.027397 
DA_B          
0.000996 0.000998 0.000000 0.000000 188.865814 192.995438 198.565979 201.998993 221.427536 166.980194 195.565308 196.001007 197.212143 179.795547 
AD_A          
202192.234375 192615.765625 0.000000 0.000000 1.002146 1.003794 1.001358 0.976486 0.995939 1.062797 0.991697 0.985361 0.998183 0.998769 
AD_B
0.001003 0.001001 0.000000 0.000000 39.028473 47.677525 40.992332 12.602399 31.818432 81.415909 46.399628 46.448174 43.097027 42.796486 
AD_Ratio      
40476.660156 47972.750000

ch06
setPointNum   
1 
setPoint      
0 0 0 0 -10000 -5000 -2500 -900 -750 -500 -250 250 500 750 900 
checkPointNum 
64 
checkPoint    
0 0 0 0 -10000 -5000 -2500 -900 -750 -500 -250 250 500 750 900 
set_ad        
5000 10000 0 0 -10247 -5224 -2718 -1113 -960 -712 -460 43 294 541 691 
set_meter     
4793 9790 0 0 -10259 -5256 -2755 -1150 -995 -736 -483 22 266 510 656 
check_ad      
4741 9734 0 0 -9965 -4986 -2490 -892 -749 -505 -253 236 501 749 903 
check_meter   
4999 10000 0 0 -10001 -5000 -2499 -892 -749 -505 -242 240 499 746 898 
DA_A          
4996999.000000 10000999.000000 0.000000 0.000000 0.999400 0.999600 0.996885 0.967742 0.965251 0.988142 0.986197 1.024590 1.024590 1.027397 
DA_B          
0.001002 0.001001 0.000000 0.000000 253.846680 254.897049 247.413330 213.869995 211.389008 228.259888 227.318451 226.435455 226.435455 225.001022 
AD_A          
250401.640625 251352.890625 0.000000 0.000000 0.995933 0.998055 0.999956 1.013768 1.045818 1.003881 1.005117 0.974223 0.988583 0.968690 
AD_B
0.000998 0.000999 0.000000 0.000000 -54.209892 -43.121826 -37.954544 -22.581364 8.193487 -21.688889 -21.119596 -19.763546 -23.990313 -13.225072 
AD_Ratio      
-41209.019531 -48654.453125

ch07
setPointNum   
1 
setPoint      
0 0 0 0 -10000 -8000 -6000 -4000 -2000 -1000 -500 500 1000 2000 4000 
checkPointNum 
0 
checkPoint    
0 0 0 0 -10000 -8000 -6000 -4000 -2000 -1000 -500 0 500 1000 2000 
set_ad        
6000 8000 10000 0 -8553 -6857 -5159 -3462 -1765 -916 -493 345 773 1621 3317 
set_meter     
6712 8410 0 0 -9985 -8003 -6022 -4039 -2057 -1066 -573 403 903 1892 3872 
check_ad      
7836 9820 0 0 -10001 -7998 -6001 -4001 -1998 -999 -499 0 501 1000 2000 
check_meter   
5999 7997 9998 0 -9999 -7998 -5998 -4000 -1999 -1000 -498 0 499 998 1999 
DA_A          
5999999.000000 7997999.000000 9998999.000000 0.000000 1.009082 1.009591 1.008573 1.009082 1.009082 1.014199 1.022497 1.000000 1.011122 1.010101 
DA_B          
0.001008 0.001008 0.000000 0.000000 76.689201 80.766281 74.633385 76.689201 76.689201 82.149086 86.912247 96.000992 85.946419 87.879799 
AD_A          
99799.398438 99799.398438 0.000000 0.000000 1.168592 1.166211 1.169062 1.167356 1.167660 1.165851 1.165435 1.167657 1.166810 1.167226 
AD_B
0.001168 0.001169 0.000000 0.000000 10.018728 -6.313148 8.396475 2.489346 3.025890 1.368387 1.162933 0.394910 1.050086 0.375234 
AD_Ratio      
-1010.627258 -7085.948730

ch08
setPointNum   
1 
setPoint      
0 0 0 0 -10000 -8000 -6000 -4000 -2000 -1000 -500 500 1000 2000 4000 
checkPointNum 
0 
checkPoint    
0 0 0 0 -10000 -8000 -6000 -4000 -2000 -1000 -500 0 500 1000 2000 
set_ad        
6000 8000 10000 0 -8480 -6782 -5086 -3391 -1695 -848 -425 413 840 1686 3380 
set_meter     
6773 8469 0 0 -9825 -7854 -5884 -3914 -1946 -962 -471 499 995 1978 3947 
check_ad      
7886 9856 0 0 -10002 -8001 -6001 -3997 -2001 -999 -500 0 499 999 1999 
check_meter   
6000 7998 9998 0 -9999 -7999 -5999 -3999 -1999 -999 -499 0 499 998 1999 
DA_A          
5999999.000000 7998999.000000 9999999.000000 0.000000 1.014713 1.015228 1.015228 1.016260 1.016260 1.018330 1.028809 1.008065 1.017294 1.015744 
DA_B          
0.001015 0.001015 0.000000 0.000000 -29.427700 -25.381725 -25.381725 -21.342480 -21.342480 -19.349287 -14.403323 -4.031250 -13.223805 -10.156425 
AD_A          
-3043.125244 -7105.583984 0.000000 0.000000 1.161086 1.161288 1.162191 1.160664 1.161463 1.160244 1.159389 1.161794 1.160824 1.162253 
AD_B
0.001161 0.001162 0.000000 0.000000 20.333490 21.701778 26.294519 21.115906 22.471411 21.436352 21.072851 20.079388 20.893764 18.484606 
AD_Ratio      
21212.164062 16819.964844

range4
ch01
setPointNum   
1 
setPoint      
0 0 0 0 0 0 0 0 0 0 0 0 0 0 0 
checkPointNum 
0 
checkPoint    
0 0 0 0 0 0 0 0 0 0 0 0 0 0 0 
set_ad        
0 0 0 0 0 0 0 0 0 0 0 0 0 0 0 
set_meter     
0 0 0 0 0 0 0 0 0 0 0 0 0 0 0 
check_ad      
0 0 0 0 0 0 0 0 0 0 0 0 0 0 0 
check_meter   
0 0 0 0 0 0 0 0 0 0 0 0 0 0 0 
DA_A          
0.000000 0.000000 0.000000 0.000000 1.000000 1.000000 1.000000 1.000000 1.000000 1.000000 1.000000 1.000000 1.000000 1.000000 
DA_B          
0.001000 0.001000 0.001000 0.000000 0.000000 0.000000 0.000000 0.000000 0.000000 0.000000 0.000000 0.000000 0.000000 0.000000 
AD_A          
0.000000 0.000000 0.000000 0.000000 1.000000 1.000000 1.000000 1.000000 1.000000 1.000000 1.000000 1.000000 1.000000 1.000000 
AD_B
0.001000 0.001000 0.001000 0.000000 0.000000 0.000000 0.000000 0.000000 0.000000 0.000000 0.000000 0.000000 0.000000 0.000000 
AD_Ratio      
0.000000 0.000000

ch02
setPointNum   
1 
setPoint      
0 0 0 0 0 0 0 0 0 0 0 0 0 0 0 
checkPointNum 
0 
checkPoint    
0 0 0 0 0 0 0 0 0 0 0 0 0 0 0 
set_ad        
0 0 0 0 0 0 0 0 0 0 0 0 0 0 0 
set_meter     
0 0 0 0 0 0 0 0 0 0 0 0 0 0 0 
check_ad      
0 0 0 0 0 0 0 0 0 0 0 0 0 0 0 
check_meter   
0 0 0 0 0 0 0 0 0 0 0 0 0 0 0 
DA_A          
0.000000 0.000000 0.000000 0.000000 1.000000 1.000000 1.000000 1.000000 1.000000 1.000000 1.000000 1.000000 1.000000 1.000000 
DA_B          
0.001000 0.001000 0.001000 0.000000 0.000000 0.000000 0.000000 0.000000 0.000000 0.000000 0.000000 0.000000 0.000000 0.000000 
AD_A          
0.000000 0.000000 0.000000 0.000000 1.000000 1.000000 1.000000 1.000000 1.000000 1.000000 1.000000 1.000000 1.000000 1.000000 
AD_B
0.001000 0.001000 0.001000 0.000000 0.000000 0.000000 0.000000 0.000000 0.000000 0.000000 0.000000 0.000000 0.000000 0.000000 
AD_Ratio      
0.000000 0.000000

ch03
setPointNum   
1 
setPoint      
0 0 0 0 0 0 0 0 0 0 0 0 0 0 0 
checkPointNum 
0 
checkPoint    
0 0 0 0 0 0 0 0 0 0 0 0 0 0 0 
set_ad        
0 0 0 0 0 0 0 0 0 0 0 0 0 0 0 
set_meter     
0 0 0 0 0 0 0 0 0 0 0 0 0 0 0 
check_ad      
0 0 0 0 0 0 0 0 0 0 0 0 0 0 0 
check_meter   
0 0 0 0 0 0 0 0 0 0 0 0 0 0 0 
DA_A          
0.000000 0.000000 0.000000 0.000000 1.000000 1.000000 1.000000 1.000000 1.000000 1.000000 1.000000 1.000000 1.000000 1.000000 
DA_B          
0.001000 0.001000 0.001000 0.000000 0.000000 0.000000 0.000000 0.000000 0.000000 0.000000 0.000000 0.000000 0.000000 0.000000 
AD_A          
0.000000 0.000000 0.000000 0.000000 1.000000 1.000000 1.000000 1.000000 1.000000 1.000000 1.000000 1.000000 1.000000 1.000000 
AD_B
0.001000 0.001000 0.001000 0.000000 0.000000 0.000000 0.000000 0.000000 0.000000 0.000000 0.000000 0.000000 0.000000 0.000000 
AD_Ratio      
0.000000 0.000000

ch04
setPointNum   
1 
setPoint      
0 0 0 0 0 0 0 0 0 0 0 0 0 0 0 
checkPointNum 
0 
checkPoint    
0 0 0 0 0 0 0 0 0 0 0 0 0 0 0 
set_ad        
0 0 0 0 0 0 0 0 0 0 0 0 0 0 0 
set_meter     
0 0 0 0 0 0 0 0 0 0 0 0 0 0 0 
check_ad      
0 0 0 0 0 0 0 0 0 0 0 0 0 0 0 
check_meter   
0 0 0 0 0 0 0 0 0 0 0 0 0 0 0 
DA_A          
0.000000 0.000000 0.000000 0.000000 1.000000 1.000000 1.000000 1.000000 1.000000 1.000000 1.000000 1.000000 1.000000 1.000000 
DA_B          
0.001000 0.001000 0.001000 0.000000 0.000000 0.000000 0.000000 0.000000 0.000000 0.000000 0.000000 0.000000 0.000000 0.000000 
AD_A          
0.000000 0.000000 0.000000 0.000000 1.000000 1.000000 1.000000 1.000000 1.000000 1.000000 1.000000 1.000000 1.000000 1.000000 
AD_B
0.001000 0.001000 0.001000 0.000000 0.000000 0.000000 0.000000 0.000000 0.000000 0.000000 0.000000 0.000000 0.000000 0.000000 
AD_Ratio      
0.000000 0.000000

ch05
setPointNum   
1 
setPoint      
0 0 0 0 0 0 0 0 0 0 0 0 0 0 0 
checkPointNum 
0 
checkPoint    
0 0 0 0 0 0 0 0 0 0 0 0 0 0 0 
set_ad        
0 0 0 0 0 0 0 0 0 0 0 0 0 0 0 
set_meter     
0 0 0 0 0 0 0 0 0 0 0 0 0 0 0 
check_ad      
0 0 0 0 0 0 0 0 0 0 0 0 0 0 0 
check_meter   
0 0 0 0 0 0 0 0 0 0 0 0 0 0 0 
DA_A          
0.000000 0.000000 0.000000 0.000000 0.000000 1.000000 1.000000 1.000000 1.000000 1.000000 1.000000 1.000000 1.000000 1.000000 
DA_B          
0.001000 0.001000 0.001000 0.001000 0.000000 0.000000 0.000000 0.000000 0.000000 0.000000 0.000000 0.000000 0.000000 0.000000 
AD_A          
0.000000 0.000000 0.000000 0.000000 0.000000 1.000000 1.000000 1.000000 1.000000 1.000000 1.000000 1.000000 1.000000 1.000000 
AD_B
0.001000 0.001000 0.001000 0.001000 0.000000 0.000000 0.000000 0.000000 0.000000 0.000000 0.000000 0.000000 0.000000 0.000000 
AD_Ratio      
0.000000 0.000000

ch06
setPointNum   
0 
setPoint      
0 0 0 0 0 0 0 0 0 0 0 0 0 0 0 
checkPointNum 
0 
checkPoint    
0 0 0 0 0 0 0 0 0 0 0 0 0 0 0 
set_ad        
0 0 0 0 0 0 0 0 0 0 0 0 0 0 0 
set_meter     
0 0 0 0 0 0 0 0 0 0 0 0 0 0 0 
check_ad      
0 0 0 0 0 0 0 0 0 0 0 0 0 0 0 
check_meter   
0 0 0 0 0 0 0 0 0 0 0 0 0 0 0 
DA_A          
0.000000 0.000000 0.000000 0.000000 0.000000 1.000000 1.000000 1.000000 1.000000 1.000000 1.000000 1.000000 1.000000 1.000000 
DA_B          
0.001000 0.001000 0.001000 0.001000 0.000000 0.000000 0.000000 0.000000 0.000000 0.000000 0.000000 0.000000 0.000000 0.000000 
AD_A          
0.000000 0.000000 0.000000 0.000000 0.000000 1.000000 1.000000 1.000000 1.000000 1.000000 1.000000 1.000000 1.000000 1.000000 
AD_B
0.001000 0.001000 0.001000 0.001000 0.000000 0.000000 0.000000 0.000000 0.000000 0.000000 0.000000 0.000000 0.000000 0.000000 
AD_Ratio      
0.000000 0.000000

ch07
setPointNum   
0 
setPoint      
0 0 0 0 0 0 0 0 0 0 0 0 0 0 0 
checkPointNum 
0 
checkPoint    
0 0 0 0 0 0 0 0 0 0 0 0 0 0 0 
set_ad        
0 0 0 0 0 0 0 0 0 0 0 0 0 0 0 
set_meter     
0 0 0 0 0 0 0 0 0 0 0 0 0 0 0 
check_ad      
0 0 0 0 0 0 0 0 0 0 0 0 0 0 0 
check_meter   
0 0 0 0 0 0 0 0 0 0 0 0 0 0 0 
DA_A          
0.000000 0.000000 0.000000 0.000000 0.000000 1.000000 1.000000 1.000000 1.000000 1.000000 1.000000 1.000000 1.000000 1.000000 
DA_B          
0.001000 0.001000 0.001000 0.001000 0.000000 0.000000 0.000000 0.000000 0.000000 0.000000 0.000000 0.000000 0.000000 0.000000 
AD_A          
0.000000 0.000000 0.000000 0.000000 0.000000 1.000000 1.000000 1.000000 1.000000 1.000000 1.000000 1.000000 1.000000 1.000000 
AD_B
0.001000 0.001000 0.001000 0.001000 0.000000 0.000000 0.000000 0.000000 0.000000 0.000000 0.000000 0.000000 0.000000 0.000000 
AD_Ratio      
0.000000 0.000000

ch08
setPointNum   
0 
setPoint      
0 0 0 0 0 0 0 0 0 0 0 0 0 0 0 
checkPointNum 
0 
checkPoint    
0 0 0 0 0 0 0 0 0 0 0 0 0 0 0 
set_ad        
0 0 0 0 0 0 0 0 0 0 0 0 0 0 0 
set_meter     
0 0 0 0 0 0 0 0 0 0 0 0 0 0 0 
check_ad      
0 0 0 0 0 0 0 0 0 0 0 0 0 0 0 
check_meter   
0 0 0 0 0 0 0 0 0 0 0 0 0 0 0 
DA_A          
0.000000 0.000000 0.000000 0.000000 0.000000 1.000000 1.000000 1.000000 1.000000 1.000000 1.000000 1.000000 1.000000 1.000000 
DA_B          
0.001000 0.001000 0.001000 0.001000 0.000000 0.000000 0.000000 0.000000 0.000000 0.000000 0.000000 0.000000 0.000000 0.000000 
AD_A          
0.000000 0.000000 0.000000 0.000000 0.000000 1.000000 1.000000 1.000000 1.000000 1.000000 1.000000 1.000000 1.000000 1.000000 
AD_B
0.001000 0.001000 0.001000 0.001000 0.000000 0.000000 0.000000 0.000000 0.000000 0.000000 0.000000 0.000000 0.000000 0.000000 
AD_Ratio      
0.000000 0.000000

current
range1
ch01
setPointNum   
10 
setPoint      
-600000 -450000 -300000 -50000 -10000 10000 50000 300000 450000 600000 0 0 0 0 0 
checkPointNum 
10 
checkPoint    
-600000 -450000 -300000 -50000 -10000 10000 50000 300000 450000 600000 0 0 0 0 0 
set_ad        
-588927 -441746 -294441 -48786 -9576 10074 49386 295075 442530 589943 0 0 0 0 0 
set_meter     
-587237 -440342 -293431 -48636 -9478 10079 49252 294086 441057 588037 0 0 0 0 0 
check_ad      
-600172 -450036 -300054 -50089 -10014 9976 49953 299972 449914 599915 0 0 0 0 0 
check_meter   
-600121 -450046 -300049 -50025 -10017 9962 49960 299995 449971 599966 0 0 0 0 0 
DA_A          
1.021138 1.021026 1.021263 1.021503 1.022652 1.021111 1.021100 1.020609 1.020547 0.000000 0.000000 0.000000 0.000000 0.000000 
DA_B          
-350.250183 -399.221283 -329.867859 -318.198059 -307.306854 -291.782593 -291.217712 -146.967773 -119.403999 0.000000 0.000000 0.000000 0.000000 0.000000 
AD_A          
0.998057 0.997325 0.996499 0.998674 0.995267 0.996464 0.996520 0.996718 0.997063 0.000000 0.000000 0.000000 0.000000 0.000000 
AD_B
545.605530 222.452026 -20.792208 85.300385 52.678474 40.619812 37.863739 -20.458410 -173.145233 0.000000 0.000000 0.000000 0.000000 0.000000 
AD_Ratio      
1.000000 1.000000

ch02
setPointNum   
10 
setPoint      
-600000 -450000 -300000 -50000 -10000 10000 50000 300000 450000 600000 0 0 0 0 0 
checkPointNum 
10 
checkPoint    
-600000 -450000 -300000 -50000 -10000 10000 50000 300000 450000 600000 0 0 0 0 0 
set_ad        
-584884 -438644 -292260 -48258 -9244 10281 49335 293421 439914 586345 0 0 0 0 0 
set_meter     
-584932 -438574 -292186 -48278 -9261 10228 49274 293206 439624 586068 0 0 0 0 0 
check_ad      
-600066 -450043 -300057 -50036 -10017 9970 49967 299967 450010 599929 0 0 0 0 0 
check_meter   
-600067 -450046 -300040 -50008 -10012 9962 49965 299986 450002 599994 0 0 0 0 0 
DA_A          
1.024884 1.024674 1.024977 1.025194 1.026220 1.024433 1.024876 1.024464 1.024282 0.000000 0.000000 0.000000 0.000000 0.000000 
DA_B          
-512.442078 -604.557739 -516.178223 -505.677002 -496.177338 -477.897858 -499.729431 -379.051758 -299.090424 0.000000 0.000000 0.000000 0.000000 0.000000 
AD_A          
1.000807 1.000027 0.999615 1.000077 0.998156 0.999795 0.999369 0.999488 1.000089 0.000000 0.000000 0.000000 0.000000 0.000000 
AD_B
423.938690 81.986122 -38.591045 -16.289179 -34.043995 -50.893993 -29.873306 -64.777290 -329.055145 0.000000 0.000000 0.000000 0.000000 0.000000 
AD_Ratio      
1.000000 1.000000

ch03
setPointNum   
10 
setPoint      
-600000 -450000 -300000 -50000 -10000 10000 50000 300000 450000 600000 0 0 0 0 0 
checkPointNum 
10 
checkPoint    
-600000 -450000 -300000 -50000 -10000 10000 50000 300000 450000 600000 0 0 0 0 0 
set_ad        
-596540 -447371 -298129 -49197 -9415 10505 50420 299418 448790 597997 0 0 0 0 0 
set_meter     
-593859 -445304 -296674 -48994 -9419 10384 50134 297814 446399 594909 0 0 0 0 0 
check_ad      
-599893 -450029 -300031 -50012 -10067 9932 50000 299983 449978 599906 0 0 0 0 0 
check_meter   
-599924 -449969 -300014 -50004 -10009 9969 49969 299964 449964 599959 0 0 0 0 0 
DA_A          
1.009727 1.009218 1.009367 1.010739 1.009948 1.006289 1.009367 1.009523 1.010033 0.000000 0.000000 0.000000 0.000000 0.000000 
DA_B          
-364.511475 -591.401489 -547.076843 -479.848389 -487.299896 -449.308167 -603.601440 -650.132935 -877.718689 0.000000 0.000000 0.000000 0.000000 0.000000 
AD_A          
0.995884 0.995899 0.994971 0.994797 0.994126 0.995866 0.994707 0.994731 0.995329 0.000000 0.000000 0.000000 0.000000 0.000000 
AD_B
225.559799 232.455750 -44.435619 -52.989620 -59.298946 -77.574593 -19.116089 -26.448879 -294.539185 0.000000 0.000000 0.000000 0.000000 0.000000 
AD_Ratio      
1.000000 1.000000

ch04
setPointNum   
10 
setPoint      
-600000 -450000 -300000 -50000 -10000 10000 50000 300000 450000 600000 0 0 0 0 0 
checkPointNum 
10 
checkPoint    
-600000 -450000 -300000 -50000 -10000 10000 50000 300000 450000 600000 0 0 0 0 0 
set_ad        
-587771 -440960 -293941 -48803 -9631 9967 49303 294537 441676 588556 0 0 0 0 0 
set_meter     
-583814 -437814 -291794 -48394 -9479 9984 49029 292439 438484 584429 0 0 0 0 0 
check_ad      
-599832 -449883 -300050 -50017 -9983 9985 49963 299950 449896 599867 0 0 0 0 0 
check_meter   
-599879 -449944 -299984 -49999 -10009 9959 49959 299954 449939 599929 0 0 0 0 0 
DA_A          
1.027397 1.027256 1.027116 1.027881 1.027591 1.024459 1.027074 1.027081 1.027784 0.000000 0.000000 0.000000 0.000000 0.000000 
DA_B          
-191.095886 -252.705109 -293.755127 -256.713348 -259.466675 -228.198227 -356.394562 -358.451172 -667.032104 0.000000 0.000000 0.000000 0.000000 0.000000 
AD_A          
0.994476 0.993205 0.992910 0.993439 0.993112 0.992602 0.992562 0.992565 0.993634 0.000000 0.000000 0.000000 0.000000 0.000000 
AD_B
710.088806 149.659119 62.992390 88.812851 85.657265 90.733910 92.705566 91.925705 -380.405090 0.000000 0.000000 0.000000 0.000000 0.000000 
AD_Ratio      
1.000000 1.000000

ch05
setPointNum   
2 
setPoint      
-40000 40000 0 0 0 0 0 0 0 0 0 0 0 0 0 
checkPointNum 
6 
checkPoint    
-50000 -35000 -7500 7500 35000 50000 0 0 0 0 0 0 0 0 0 
set_ad        
-40447 40444 0 0 0 0 0 0 0 0 0 0 0 0 0 
set_meter     
-40429 40453 0 0 0 0 0 0 0 0 0 0 0 0 0 
check_ad      
-50002 -34999 -7504 7498 35018 50011 0 0 0 0 0 0 0 0 0 
check_meter   
-49995 -34998 -7497 7503 35002 49997 0 0 0 0 0 0 0 0 0 
DA_A          
0.989071 0.000000 0.000000 0.000000 0.000000 0.000000 0.000000 0.000000 0.000000 0.000000 0.000000 0.000000 0.000000 0.000000 
DA_B          
-11.868850 0.000000 0.000000 0.000000 0.000000 0.000000 0.000000 0.000000 0.000000 0.000000 0.000000 0.000000 0.000000 0.000000 
AD_A          
0.999898 0.000000 0.000000 0.000000 0.000000 0.000000 0.000000 0.000000 0.000000 0.000000 0.000000 0.000000 0.000000 0.000000 
AD_B
13.220375 0.000000 0.000000 0.000000 0.000000 0.000000 0.000000 0.000000 0.000000 0.000000 0.000000 0.000000 0.000000 0.000000 
AD_Ratio      
1.000000 1.000000

ch06
setPointNum   
2 
setPoint      
-40000 40000 0 0 0 0 0 0 0 0 0 0 0 0 0 
checkPointNum 
6 
checkPoint    
-50000 -35000 -7500 7500 35000 50000 0 0 0 0 0 0 0 0 0 
set_ad        
-40464 40450 0 0 0 0 0 0 0 0 0 0 0 0 0 
set_meter     
-40463 40423 0 0 0 0 0 0 0 0 0 0 0 0 0 
check_ad      
-50012 -35003 -7498 7512 35004 49995 0 0 0 0 0 0 0 0 0 
check_meter   
-49996 -34999 -7500 7501 35001 49998 0 0 0 0 0 0 0 0 0 
DA_A          
0.989022 0.000000 0.000000 0.000000 0.000000 0.000000 0.000000 0.000000 0.000000 0.000000 0.000000 0.000000 0.000000 0.000000 
DA_B          
19.780437 0.000000 0.000000 0.000000 0.000000 0.000000 0.000000 0.000000 0.000000 0.000000 0.000000 0.000000 0.000000 0.000000 
AD_A          
0.999672 0.000000 0.000000 0.000000 0.000000 0.000000 0.000000 0.000000 0.000000 0.000000 0.000000 0.000000 0.000000 0.000000 
AD_B
-13.197733 0.000000 0.000000 0.000000 0.000000 0.000000 0.000000 0.000000 0.000000 0.000000 0.000000 0.000000 0.000000 0.000000 
AD_Ratio      
1.000000 1.000000

ch07
setPointNum   
2 
setPoint      
-160000 160000 0 0 0 0 0 0 0 0 0 0 0 0 0 
checkPointNum 
6 
checkPoint    
-200000 -100000 -80000 80000 100000 200000 0 0 0 0 0 0 0 0 0 
set_ad        
-157878 157999 0 0 0 0 0 0 0 0 0 0 0 0 0 
set_meter     
-161444 162029 0 0 0 0 0 0 0 0 0 0 0 0 0 
check_ad      
-199998 -99987 -79999 79993 100008 200012 0 0 0 0 0 0 0 0 0 
check_meter   
-199975 -99996 -80002 80020 100019 199964 0 0 0 0 0 0 0 0 0 
DA_A          
0.989257 0.000000 0.000000 0.000000 0.000000 0.000000 0.000000 0.000000 0.000000 0.000000 0.000000 0.000000 0.000000 0.000000 
DA_B          
-289.357758 0.000000 0.000000 0.000000 0.000000 0.000000 0.000000 0.000000 0.000000 0.000000 0.000000 0.000000 0.000000 0.000000 
AD_A          
1.024048 0.000000 0.000000 0.000000 0.000000 0.000000 0.000000 0.000000 0.000000 0.000000 0.000000 0.000000 0.000000 0.000000 
AD_B
230.536377 0.000000 0.000000 0.000000 0.000000 0.000000 0.000000 0.000000 0.000000 0.000000 0.000000 0.000000 0.000000 0.000000 
AD_Ratio      
1.000000 1.000000

ch08
setPointNum   
2 
setPoint      
-160000 160000 0 0 0 0 0 0 0 0 0 0 0 0 0 
checkPointNum 
6 
checkPoint    
-200000 -100000 -80000 80000 100000 200000 0 0 0 0 0 0 0 0 0 
set_ad        
-157858 158135 0 0 0 0 0 0 0 0 0 0 0 0 0 
set_meter     
-161665 161917 0 0 0 0 0 0 0 0 0 0 0 0 0 
check_ad      
-200030 -100021 -79994 80070 100011 200061 0 0 0 0 0 0 0 0 0 
check_meter   
-199980 -100005 -80006 80016 100018 199970 0 0 0 0 0 0 0 0 0 
DA_A          
0.988924 0.000000 0.000000 0.000000 0.000000 0.000000 0.000000 0.000000 0.000000 0.000000 0.000000 0.000000 0.000000 0.000000 
DA_B          
-124.604431 0.000000 0.000000 0.000000 0.000000 0.000000 0.000000 0.000000 0.000000 0.000000 0.000000 0.000000 0.000000 0.000000 
AD_A          
1.024021 0.000000 0.000000 0.000000 0.000000 0.000000 0.000000 0.000000 0.000000 0.000000 0.000000 0.000000 0.000000 0.000000 
AD_B
-16.051180 0.000000 0.000000 0.000000 0.000000 0.000000 0.000000 0.000000 0.000000 0.000000 0.000000 0.000000 0.000000 0.000000 
AD_Ratio      
1.000000 1.000000

range2
ch01
setPointNum   
12 
setPoint      
-300000 -200000 -150000 -100000 -50000 -10000 10000 50000 100000 150000 200000 300000 0 0 0 
checkPointNum 
12 
checkPoint    
-300000 -200000 -150000 -100000 -50000 -10000 10000 50000 100000 150000 200000 300000 0 0 0 
set_ad        
-293267 -195361 -146356 -97391 -48372 -9182 10396 49629 98660 147683 196692 294657 0 0 0 
set_meter     
-293163 -195242 -146276 -97324 -48347 -9190 10363 49540 98524 147490 196463 294402 0 0 0 
check_ad      
-300001 -200026 -150032 -100008 -50031 -10022 9986 49975 99979 149980 199987 300005 0 0 0 
check_meter   
-300023 -199994 -150008 -100001 -50018 -10020 9981 49977 99973 149985 199978 299973 0 0 0 
DA_A          
1.021231 1.021117 1.021409 1.020887 1.021529 1.022861 1.021007 1.020741 1.021117 1.020971 1.021044 0.000000 0.000000 0.000000 
DA_B          
-612.738831 -635.134583 -592.417053 -643.159058 -612.151062 -599.907959 -580.697876 -567.532227 -604.501099 -582.974304 -597.310547 0.000000 0.000000 0.000000 
AD_A          
1.000153 0.999204 0.999735 0.999143 0.999158 0.998723 0.998573 0.999041 0.998837 0.999265 0.999735 0.000000 0.000000 0.000000 
AD_B
148.930908 -36.475544 41.143101 -16.445644 -15.731717 -19.724895 -18.161064 -41.426769 -21.286091 -84.518127 -176.797760 0.000000 0.000000 0.000000 
AD_Ratio      
1.000000 1.000000

ch02
setPointNum   
12 
setPoint      
-300000 -200000 -150000 -100000 -50000 -10000 10000 50000 100000 150000 200000 300000 0 0 0 
checkPointNum 
12 
checkPoint    
-300000 -200000 -150000 -100000 -50000 -10000 10000 50000 100000 150000 200000 300000 0 0 0 
set_ad        
-293894 -195713 -146595 -97476 -48335 -9038 10602 49915 99084 148227 197390 295625 0 0 0 
set_meter     
-294664 -196182 -146944 -97717 -48489 -9120 10548 49944 99204 148440 197687 296171 0 0 0 
check_ad      
-299976 -200010 -150002 -100022 -50023 -10020 9979 49996 99991 149999 200005 299986 0 0 0 
check_meter   
-299991 -200010 -150012 -100011 -50011 -10007 9985 49993 99983 149987 199987 299984 0 0 0 
DA_A          
1.015414 1.015476 1.015703 1.015682 1.016028 1.016880 1.015332 1.015022 1.015517 1.015290 1.015393 0.000000 0.000000 0.000000 
DA_B          
-794.053711 -781.916382 -748.572937 -750.589111 -733.826111 -726.052490 -709.716736 -694.275269 -743.358521 -709.687927 -730.067810 0.000000 0.000000 0.000000 
AD_A          
1.003066 1.002443 1.002199 1.001770 1.001832 1.001426 1.002111 1.001851 1.001892 1.001709 1.002535 0.000000 0.000000 0.000000 
AD_B
131.010315 9.145690 -26.675442 -68.426956 -65.440567 -69.114868 -76.383591 -63.380665 -67.510162 -40.260948 -203.331955 0.000000 0.000000 0.000000 
AD_Ratio      
1.000000 1.000000

ch03
setPointNum   
12 
setPoint      
-300000 -200000 -150000 -100000 -50000 -10000 10000 50000 100000 150000 200000 300000 0 0 0 
checkPointNum 
12 
checkPoint    
-300000 -200000 -150000 -100000 -50000 -10000 10000 50000 100000 150000 200000 300000 0 0 0 
set_ad        
-296397 -197378 -147863 -98339 -48803 -9156 10645 50342 99943 149513 199052 298120 0 0 0 
set_meter     
-295809 -196959 -147529 -98124 -48724 -9189 10549 50134 99584 149009 198429 297264 0 0 0 
check_ad      
-300025 -200024 -150006 -100000 -49981 -10014 9988 49990 99976 149989 200013 300002 0 0 0 
check_meter   
-300024 -200004 -150014 -100009 -50009 -10014 9999 49989 99984 149994 199984 299984 0 0 0 
DA_A          
1.011634 1.011531 1.012043 1.012146 1.011762 1.013274 1.010484 1.011122 1.011634 1.011736 1.011787 0.000000 0.000000 0.000000 
DA_B          
-749.620667 -769.775452 -694.261719 -684.210510 -702.921448 -689.026245 -659.593262 -691.607666 -742.539185 -757.790344 -767.946594 0.000000 0.000000 0.000000 
AD_A          
0.998293 0.998283 0.997597 0.997255 0.997175 0.996818 0.997179 0.996956 0.997075 0.997598 0.997648 0.000000 0.000000 0.000000 
AD_B
82.126450 80.170753 -21.296362 -54.987564 -58.865059 -62.131256 -65.966499 -54.744179 -66.651100 -144.847672 -154.845642 0.000000 0.000000 0.000000 
AD_Ratio      
1.000000 1.000000

ch04
setPointNum   
12 
setPoint      
-300000 -200000 -150000 -100000 -50000 -10000 10000 50000 100000 150000 200000 300000 0 0 0 
checkPointNum 
12 
checkPoint    
-300000 -200000 -150000 -100000 -50000 -10000 10000 50000 100000 150000 200000 300000 0 0 0 
set_ad        
-295651 -197020 -147650 -98317 -48953 -9472 10267 49814 99214 148567 197950 296681 0 0 0 
set_meter     
-294514 -196204 -147039 -97894 -48744 -9419 10224 49589 98764 147919 197069 295394 0 0 0 
check_ad      
-300012 -199971 -150011 -99995 -49968 -9980 10019 50022 100014 150043 200040 299971 0 0 0 
check_meter   
-299999 -199974 -149989 -99974 -49974 -9984 10019 50029 100014 150019 200019 299989 0 0 0 
DA_A          
1.017191 1.016984 1.017398 1.017294 1.017165 1.018174 1.016131 1.016777 1.017191 1.017294 1.017035 0.000000 0.000000 0.000000 
DA_B          
-423.151245 -463.744537 -402.889404 -413.021362 -419.326141 -409.815216 -388.924164 -420.945618 -461.804504 -477.110870 -426.137817 0.000000 0.000000 0.000000 
AD_A          
0.996745 0.995848 0.996189 0.995665 0.996049 0.995137 0.995398 0.995445 0.995988 0.995282 0.995888 0.000000 0.000000 0.000000 
AD_B
174.787598 -2.089933 48.329983 -3.218256 15.573592 6.933228 4.249956 1.885628 -51.961948 52.972218 -66.993256 0.000000 0.000000 0.000000 
AD_Ratio      
1.000000 1.000000

ch05
setPointNum   
2 
setPoint      
-4000 4000 0 0 0 0 0 0 0 0 0 0 0 0 0 
checkPointNum 
6 
checkPoint    
-5000 -3000 -1000 1000 3000 5000 0 0 0 0 0 0 0 0 0 
set_ad        
-4104 3985 0 0 0 0 0 0 0 0 0 0 0 0 0 
set_meter     
-4033 4050 0 0 0 0 0 0 0 0 0 0 0 0 0 
check_ad      
-4999 -3000 -999 999 3000 4999 0 0 0 0 0 0 0 0 0 
check_meter   
-4999 -2999 -999 998 2998 4999 0 0 0 0 0 0 0 0 0 
DA_A          
0.989487 0.000000 0.000000 0.000000 0.000000 0.000000 0.000000 0.000000 0.000000 0.000000 0.000000 0.000000 0.000000 0.000000 
DA_B          
-8.410639 0.000000 0.000000 0.000000 0.000000 0.000000 0.000000 0.000000 0.000000 0.000000 0.000000 0.000000 0.000000 0.000000 
AD_A          
0.999319 0.000000 0.000000 0.000000 0.000000 0.000000 0.000000 0.000000 0.000000 0.000000 0.000000 0.000000 0.000000 0.000000 
AD_B
68.034935 0.000000 0.000000 0.000000 0.000000 0.000000 0.000000 0.000000 0.000000 0.000000 0.000000 0.000000 0.000000 0.000000 
AD_Ratio      
1.000000 1.000000

ch06
setPointNum   
2 
setPoint      
-4000 4000 0 0 0 0 0 0 0 0 0 0 0 0 0 
checkPointNum 
6 
checkPoint    
-5000 -3000 -1000 1000 3000 5000 0 0 0 0 0 0 0 0 0 
set_ad        
-4106 3985 0 0 0 0 0 0 0 0 0 0 0 0 0 
set_meter     
-4036 4034 0 0 0 0 0 0 0 0 0 0 0 0 0 
check_ad      
-5000 -2999 -999 999 2999 5000 0 0 0 0 0 0 0 0 0 
check_meter   
-4999 -2999 -999 999 2999 5000 0 0 0 0 0 0 0 0 0 
DA_A          
0.991081 0.000000 0.000000 0.000000 0.000000 0.000000 0.000000 0.000000 0.000000 0.000000 0.000000 0.000000 0.000000 0.000000 
DA_B          
0.991080 0.000000 0.000000 0.000000 0.000000 0.000000 0.000000 0.000000 0.000000 0.000000 0.000000 0.000000 0.000000 0.000000 
AD_A          
0.997538 0.000000 0.000000 0.000000 0.000000 0.000000 0.000000 0.000000 0.000000 0.000000 0.000000 0.000000 0.000000 0.000000 
AD_B
59.140076 0.000000 0.000000 0.000000 0.000000 0.000000 0.000000 0.000000 0.000000 0.000000 0.000000 0.000000 0.000000 0.000000 
AD_Ratio      
1.000000 1.000000

ch07
setPointNum   
2 
setPoint      
-60000 60000 0 0 0 0 0 0 0 0 0 0 0 0 0 
checkPointNum 
6 
checkPoint    
-75000 -50000 -25000 25000 50000 75000 0 0 0 0 0 0 0 0 0 
set_ad        
-59152 59298 0 0 0 0 0 0 0 0 0 0 0 0 0 
set_meter     
-59922 60081 0 0 0 0 0 0 0 0 0 0 0 0 0 
check_ad      
-74997 -49997 -24999 24998 50004 74995 0 0 0 0 0 0 0 0 0 
check_meter   
-75002 -50000 -24998 24998 50001 75001 0 0 0 0 0 0 0 0 0 
DA_A          
0.999958 0.000000 0.000000 0.000000 0.000000 0.000000 0.000000 0.000000 0.000000 0.000000 0.000000 0.000000 0.000000 0.000000 
DA_B          
-79.496689 0.000000 0.000000 0.000000 0.000000 0.000000 0.000000 0.000000 0.000000 0.000000 0.000000 0.000000 0.000000 0.000000 
AD_A          
1.013119 0.000000 0.000000 0.000000 0.000000 0.000000 0.000000 0.000000 0.000000 0.000000 0.000000 0.000000 0.000000 0.000000 
AD_B
5.714068 0.000000 0.000000 0.000000 0.000000 0.000000 0.000000 0.000000 0.000000 0.000000 0.000000 0.000000 0.000000 0.000000 
AD_Ratio      
1.000000 1.000000

ch08
setPointNum   
2 
setPoint      
-60000 60000 0 0 0 0 0 0 0 0 0 0 0 0 0 
checkPointNum 
6 
checkPoint    
-75000 -50000 -25000 25000 50000 75000 0 0 0 0 0 0 0 0 0 
set_ad        
-59149 59353 0 0 0 0 0 0 0 0 0 0 0 0 0 
set_meter     
-60055 59984 0 0 0 0 0 0 0 0 0 0 0 0 0 
check_ad      
-75009 -49998 -25003 25001 50000 75008 0 0 0 0 0 0 0 0 0 
check_meter   
-75001 -50002 -25001 24998 49998 74998 0 0 0 0 0 0 0 0 0 
DA_A          
0.999658 0.000000 0.000000 0.000000 0.000000 0.000000 0.000000 0.000000 0.000000 0.000000 0.000000 0.000000 0.000000 0.000000 
DA_B          
35.487877 0.000000 0.000000 0.000000 0.000000 0.000000 0.000000 0.000000 0.000000 0.000000 0.000000 0.000000 0.000000 0.000000 
AD_A          
1.012975 0.000000 0.000000 0.000000 0.000000 0.000000 0.000000 0.000000 0.000000 0.000000 0.000000 0.000000 0.000000 0.000000 
AD_B
-138.766724 0.000000 0.000000 0.000000 0.000000 0.000000 0.000000 0.000000 0.000000 0.000000 0.000000 0.000000 0.000000 0.000000 
AD_Ratio      
1.000000 1.000000

range3
ch01
setPointNum   
10 
setPoint      
-100000 -70000 -50000 -30000 -10000 10000 30000 50000 70000 100000 0 0 0 0 0 
checkPointNum 
10 
checkPoint    
-100000 -50000 -10000 -5000 -1000 1000 5000 10000 50000 100000 0 0 0 0 0 
set_ad        
-97971 -68359 -48599 -28854 -9101 10639 30407 50174 69937 99569 0 0 0 0 0 
set_meter     
-98086 -68441 -48682 -28927 -9171 10565 30325 50082 69842 99482 0 0 0 0 0 
check_ad      
-99996 -50017 -9999 -4987 -981 1002 4994 9993 49989 99994 0 0 0 0 0 
check_meter   
-100000 -50004 -10001 -4995 -992 992 4991 9997 49999 100002 0 0 0 0 0 
DA_A          
1.011975 1.012197 1.012402 1.012351 1.013377 1.012146 1.012299 1.012146 1.012146 0.000000 0.000000 0.000000 0.000000 0.000000 
DA_B          
-739.416443 -724.226929 -714.249573 -715.731934 -706.323486 -693.319824 -697.980469 -690.283386 -690.283386 0.000000 0.000000 0.000000 0.000000 0.000000 
AD_A          
1.001114 0.999949 1.000506 1.000152 0.999797 0.999595 0.999494 0.999848 1.000270 0.000000 0.000000 0.000000 0.000000 0.000000 
AD_B
-5.819837 -85.459465 -58.386681 -68.617783 -71.844177 -69.694458 -66.617294 -84.383644 -113.881477 0.000000 0.000000 0.000000 0.000000 0.000000 
AD_Ratio      
1.000000 1.000000

ch02
setPointNum   
10 
setPoint      
-100000 -70000 -50000 -30000 -10000 10000 30000 50000 70000 100000 0 0 0 0 0 
checkPointNum 
10 
checkPoint    
-100000 -50000 -10000 -5000 -1000 1000 5000 10000 50000 100000 0 0 0 0 0 
set_ad        
-97811 -68214 -48474 -28720 -8970 10777 30543 50304 70065 99695 0 0 0 0 0 
set_meter     
-98180 -68477 -48677 -28874 -9076 10713 30524 50331 70144 99859 0 0 0 0 0 
check_ad      
-100001 -49990 -10003 -5002 -995 995 4990 9997 50001 100007 0 0 0 0 0 
check_meter   
-100011 -50003 -10004 -4996 -992 998 4994 9997 49999 100004 0 0 0 0 0 
DA_A          
1.009999 1.010101 1.009948 1.010203 1.010662 1.009540 1.009744 1.009438 1.009591 0.000000 0.000000 0.000000 0.000000 0.000000 
DA_B          
-838.299133 -831.313110 -838.761780 -831.397095 -827.227234 -815.203674 -821.426758 -806.036438 -816.759216 0.000000 0.000000 0.000000 0.000000 0.000000 
AD_A          
1.003581 1.003039 1.002481 1.002430 1.002127 1.002277 1.002328 1.002631 1.002869 0.000000 0.000000 0.000000 0.000000 0.000000 
AD_B
-18.695375 -55.662613 -82.759743 -84.199493 -86.921661 -88.535316 -90.098526 -105.372246 -121.996460 0.000000 0.000000 0.000000 0.000000 0.000000 
AD_Ratio      
1.000000 1.000000

ch03
setPointNum   
10 
setPoint      
-100000 -70000 -50000 -30000 -10000 10000 30000 50000 70000 100000 0 0 0 0 0 
checkPointNum 
10 
checkPoint    
-100000 -50000 -10000 -5000 -1000 1000 5000 10000 50000 100000 0 0 0 0 0 
set_ad        
-98684 -68847 -48946 -29050 -9127 10765 30699 50624 70545 100410 0 0 0 0 0 
set_meter     
-98609 -68789 -48924 -29059 -9189 10669 30549 50434 70314 100134 0 0 0 0 0 
check_ad      
-99988 -50001 -10007 -5005 -999 996 4989 9999 50013 100008 0 0 0 0 0 
check_meter   
-99994 -49999 -9999 -4994 -994 989 4989 9994 49999 99999 0 0 0 0 0 
DA_A          
1.006036 1.006796 1.006796 1.006543 1.007151 1.006036 1.005783 1.006036 1.006036 0.000000 0.000000 0.000000 0.000000 0.000000 
DA_B          
-795.774658 -743.518738 -743.518738 -750.880737 -745.291565 -733.400391 -725.672607 -738.430603 -738.430603 0.000000 0.000000 0.000000 0.000000 0.000000 
AD_A          
0.999430 0.998191 0.998442 0.997340 0.998291 0.997291 0.997992 0.997942 0.998493 0.000000 0.000000 0.000000 0.000000 0.000000 
AD_B
18.773569 -66.541077 -54.262867 -86.280029 -77.600143 -66.838264 -88.370888 -85.809250 -124.704170 0.000000 0.000000 0.000000 0.000000 0.000000 
AD_Ratio      
1.000000 1.000000

ch04
setPointNum   
10 
setPoint      
-100000 -70000 -50000 -30000 -10000 10000 30000 50000 70000 100000 0 0 0 0 0 
checkPointNum 
10 
checkPoint    
-100000 -50000 -10000 -5000 -1000 1000 5000 10000 50000 100000 0 0 0 0 0 
set_ad        
-98742 -69019 -49194 -29356 -9515 10312 30152 50003 69860 99617 0 0 0 0 0 
set_meter     
-98504 -68844 -49074 -29309 -9539 10214 29989 49769 69539 99204 0 0 0 0 0 
check_ad      
-99983 -49975 -9993 -4995 -993 999 5007 10008 50014 99994 0 0 0 0 0 
check_meter   
-99979 -49984 -9989 -4984 -984 994 5004 10009 50004 100004 0 0 0 0 0 
DA_A          
1.011463 1.011634 1.011890 1.011634 1.012504 1.011378 1.011122 1.011634 1.011293 0.000000 0.000000 0.000000 0.000000 0.000000 
DA_B          
-366.824005 -355.083466 -342.524658 -350.025299 -341.720245 -330.214905 -322.548035 -348.002014 -324.287872 0.000000 0.000000 0.000000 0.000000 0.000000 
AD_A          
0.997880 0.997226 0.996320 0.996422 0.996268 0.996724 0.996423 0.995619 0.996908 0.000000 0.000000 0.000000 0.000000 0.000000 
AD_B
28.709351 -16.477680 -61.024399 -58.048939 -59.512684 -64.215729 -55.156971 -14.920532 -105.013176 0.000000 0.000000 0.000000 0.000000 0.000000 
AD_Ratio      
1.000000 1.000000

ch05
setPointNum   
2 
setPoint      
-12000 12000 0 0 0 0 0 0 0 0 0 0 0 0 0 
checkPointNum 
6 
checkPoint    
-15000 -10000 -2500 2500 10000 15000 0 0 0 0 0 0 0 0 0 
set_ad        
-11766 11923 0 0 0 0 0 0 0 0 0 0 0 0 0 
set_meter     
-11995 12019 0 0 0 0 0 0 0 0 0 0 0 0 0 
check_ad      
-14997 -9998 -2498 2499 9998 14997 0 0 0 0 0 0 0 0 0 
check_meter   
-15001 -10000 -2497 2499 9998 15000 0 0 0 0 0 0 0 0 0 
DA_A          
0.999334 0.000000 0.000000 0.000000 0.000000 0.000000 0.000000 0.000000 0.000000 0.000000 0.000000 0.000000 0.000000 0.000000 
DA_B          
-11.992006 0.000000 0.000000 0.000000 0.000000 0.000000 0.000000 0.000000 0.000000 0.000000 0.000000 0.000000 0.000000 0.000000 
AD_A          
1.013766 0.000000 0.000000 0.000000 0.000000 0.000000 0.000000 0.000000 0.000000 0.000000 0.000000 0.000000 0.000000 0.000000 
AD_B
-67.963341 0.000000 0.000000 0.000000 0.000000 0.000000 0.000000 0.000000 0.000000 0.000000 0.000000 0.000000 0.000000 0.000000 
AD_Ratio      
1.000000 1.000000

ch06
setPointNum   
2 
setPoint      
-12000 12000 0 0 0 0 0 0 0 0 0 0 0 0 0 
checkPointNum 
6 
checkPoint    
-15000 -10000 -2500 2500 10000 15000 0 0 0 0 0 0 0 0 0 
set_ad        
-11775 11908 0 0 0 0 0 0 0 0 0 0 0 0 0 
set_meter     
-12002 12020 0 0 0 0 0 0 0 0 0 0 0 0 0 
check_ad      
-14999 -9999 -2503 2497 9996 14996 0 0 0 0 0 0 0 0 0 
check_meter   
-15000 -10000 -2498 2498 9999 15000 0 0 0 0 0 0 0 0 0 
DA_A          
0.999001 0.000000 0.000000 0.000000 0.000000 0.000000 0.000000 0.000000 0.000000 0.000000 0.000000 0.000000 0.000000 0.000000 
DA_B          
-8.991010 0.000000 0.000000 0.000000 0.000000 0.000000 0.000000 0.000000 0.000000 0.000000 0.000000 0.000000 0.000000 0.000000 
AD_A          
1.014338 0.000000 0.000000 0.000000 0.000000 0.000000 0.000000 0.000000 0.000000 0.000000 0.000000 0.000000 0.000000 0.000000 
AD_B
-58.165894 0.000000 0.000000 0.000000 0.000000 0.000000 0.000000 0.000000 0.000000 0.000000 0.000000 0.000000 0.000000 0.000000 
AD_Ratio      
1.000000 1.000000

ch07
setPointNum   
2 
setPoint      
-12000 12000 0 0 0 0 0 0 0 0 0 0 0 0 0 
checkPointNum 
6 
checkPoint    
-15000 -10000 -2500 2500 10000 15000 0 0 0 0 0 0 0 0 0 
set_ad        
-11769 11921 0 0 0 0 0 0 0 0 0 0 0 0 0 
set_meter     
-11980 12004 0 0 0 0 0 0 0 0 0 0 0 0 0 
check_ad      
-14998 -9999 -2498 2499 10002 15000 0 0 0 0 0 0 0 0 0 
check_meter   
-15001 -9999 -2498 2497 9999 14999 0 0 0 0 0 0 0 0 0 
DA_A          
1.000584 0.000000 0.000000 0.000000 0.000000 0.000000 0.000000 0.000000 0.000000 0.000000 0.000000 0.000000 0.000000 0.000000 
DA_B          
-12.007005 0.000000 0.000000 0.000000 0.000000 0.000000 0.000000 0.000000 0.000000 0.000000 0.000000 0.000000 0.000000 0.000000 
AD_A          
1.012481 0.000000 0.000000 0.000000 0.000000 0.000000 0.000000 0.000000 0.000000 0.000000 0.000000 0.000000 0.000000 0.000000 
AD_B
-64.784523 0.000000 0.000000 0.000000 0.000000 0.000000 0.000000 0.000000 0.000000 0.000000 0.000000 0.000000 0.000000 0.000000 
AD_Ratio      
1.000000 1.000000

ch08
setPointNum   
2 
setPoint      
-12000 12000 0 0 0 0 0 0 0 0 0 0 0 0 0 
checkPointNum 
6 
checkPoint    
-15000 -10000 -2500 2500 10000 15000 0 0 0 0 0 0 0 0 0 
set_ad        
-11770 11932 0 0 0 0 0 0 0 0 0 0 0 0 0 
set_meter     
-12083 11933 0 0 0 0 0 0 0 0 0 0 0 0 0 
check_ad      
-14997 -9999 -2498 2500 9999 15001 0 0 0 0 0 0 0 0 0 
check_meter   
-15003 -10002 -2501 2496 9998 14999 0 0 0 0 0 0 0 0 0 
DA_A          
0.999251 0.000000 0.000000 0.000000 0.000000 0.000000 0.000000 0.000000 0.000000 0.000000 0.000000 0.000000 0.000000 0.000000 
DA_B          
74.943802 0.000000 0.000000 0.000000 0.000000 0.000000 0.000000 0.000000 0.000000 0.000000 0.000000 0.000000 0.000000 0.000000 
AD_A          
1.013282 0.000000 0.000000 0.000000 0.000000 0.000000 0.000000 0.000000 0.000000 0.000000 0.000000 0.000000 0.000000 0.000000 
AD_B
-157.164505 0.000000 0.000000 0.000000 0.000000 0.000000 0.000000 0.000000 0.000000 0.000000 0.000000 0.000000 0.000000 0.000000 
AD_Ratio      
1.000000 1.000000

range4
ch01
setPointNum   
14 
setPoint      
-50000 -40000 -30000 -20000 -10000 -5000 -1000 1000 5000 10000 20000 30000 40000 50000 0 
checkPointNum 
14 
checkPoint    
-50000 -40000 -30000 -20000 -10000 -5000 -1000 1000 5000 10000 20000 30000 40000 50000 0 
set_ad        
-49752 -39736 -29725 -19710 -9698 -4691 -693 1296 5315 10334 20338 30338 40357 50387 0 
set_meter     
-49748 -39738 -29734 -19726 -9726 -4712 -714 1270 5266 10264 20260 30258 40262 50271 0 
check_ad      
-49986 -40004 -30017 -20019 -10017 -5006 -985 1020 5002 9982 19983 30011 40017 49987 0 
check_meter   
-49988 -39996 -30002 -20002 -9998 -5002 -1000 1004 5002 9998 20000 30002 40000 49994 0 
DA_A          
0.998981 0.999580 0.999181 0.999980 0.997188 1.000480 1.008045 1.000981 1.000380 1.000380 1.000180 0.999580 0.999181 0.000000 
DA_B          
-301.698303 -277.889282 -289.768372 -274.000549 -301.156769 -285.643097 -280.241974 -271.270844 -268.106873 -268.106873 -264.052551 -245.901703 -229.816559 0.000000 
AD_A          
0.999413 0.999383 0.999289 0.998852 1.001397 0.999948 0.996939 0.994335 0.995760 0.999275 0.999761 0.998549 0.997864 0.000000 
AD_B
-25.770594 -26.994558 -29.769537 -38.378109 -13.700369 -20.498081 -22.584688 -19.207491 -26.782730 -63.113850 -72.997513 -36.223927 -8.559247 0.000000 
AD_Ratio      
1.000000 1.000000

ch02
setPointNum   
14 
setPoint      
-50000 -40000 -30000 -20000 -10000 -5000 -1000 1000 5000 10000 20000 30000 40000 50000 0 
checkPointNum 
14 
checkPoint    
-50000 -40000 -30000 -20000 -10000 -5000 -1000 1000 5000 10000 20000 30000 40000 50000 0 
set_ad        
-49983 -39941 -29890 -19843 -9795 -4774 -770 1223 5240 10278 20326 30363 40393 50445 0 
set_meter     
-50009 -39958 -29916 -19876 -9834 -4806 -796 1194 5208 10224 20258 30294 40332 50373 0 
check_ad      
-49974 -39989 -30009 -20014 -9998 -4996 -986 1002 5004 9986 19995 30005 40008 49988 0 
check_meter   
-49988 -39998 -29998 -19998 -9998 -4998 -998 998 5000 9998 19996 29996 39996 49998 0 
DA_A          
0.995005 0.995798 0.995996 0.995798 0.994411 0.997486 1.005006 0.996492 0.996790 0.996592 0.996393 0.996194 0.995996 0.000000 
DA_B          
-240.796173 -209.122482 -203.188156 -207.130905 -220.763336 -205.986115 -200.000198 -189.834503 -191.387726 -189.355392 -185.334106 -179.316986 -171.313309 0.000000 
AD_A          
1.000811 0.999170 0.999303 0.999446 1.001312 1.001710 0.997911 0.999149 0.995666 0.998692 0.999908 1.000770 0.998815 0.000000 
AD_B
14.694690 -50.860352 -46.899918 -44.061214 -25.778706 -23.880005 -26.808279 -28.323170 -10.069458 -41.166145 -65.895889 -92.075455 -13.102460 0.000000 
AD_Ratio      
1.000000 1.000000

ch03
setPointNum   
14 
setPoint      
-50000 -40000 -30000 -20000 -10000 -5000 -1000 1000 5000 10000 20000 30000 40000 50000 0 
checkPointNum 
14 
checkPoint    
-50000 -40000 -30000 -20000 -10000 -5000 -1000 1000 5000 10000 20000 30000 40000 50000 0 
set_ad        
-49679 -39726 -29767 -19793 -9823 -4839 -851 1127 5126 10109 20073 30030 39995 49964 0 
set_meter     
-49688 -39722 -29758 -19796 -9830 -4844 -856 1116 5104 10082 20040 30002 39962 49928 0 
check_ad      
-49999 -39998 -29993 -20006 -10006 -4998 -994 1002 4993 9999 19993 29999 40004 50002 0 
check_meter   
-50001 -40002 -30000 -19998 -9998 -5002 -1002 1000 4998 9998 19998 29996 39998 49996 0 
DA_A          
1.003392 1.003593 1.003794 1.003392 1.002788 1.002989 1.014179 1.002989 1.004399 1.004198 1.003794 1.003996 1.003392 0.000000 
DA_B          
-142.483612 -134.483475 -128.490692 -136.464264 -142.399872 -141.424240 -131.845764 -119.357689 -126.557350 -124.522522 -116.440140 -122.490524 -98.335381 0.000000 
AD_A          
1.001293 1.000488 0.998837 0.999639 1.000432 0.999869 0.996804 0.997293 0.999044 0.999414 1.000468 0.999581 0.999623 0.000000 
AD_B
55.122772 23.116940 -26.023647 -10.142267 -2.351391 -5.076167 -7.685029 -8.236101 -17.213970 -20.950979 -42.122040 -15.467363 -17.165607 0.000000 
AD_Ratio      
1.000000 1.000000

ch04
setPointNum   
14 
setPoint      
-50000 -40000 -30000 -20000 -10000 -5000 -1000 1000 5000 10000 20000 30000 40000 50000 0 
checkPointNum 
14 
checkPoint    
-50000 -40000 -30000 -20000 -10000 -5000 -1000 1000 5000 10000 20000 30000 40000 50000 0 
set_ad        
-49227 -39273 -29308 -19345 -9379 -4391 -397 1584 5570 10551 20526 30492 40455 50427 0 
set_meter     
-49268 -39298 -29328 -19356 -9384 -4394 -408 1572 5562 10550 20518 30488 40460 50439 0 
check_ad      
-50003 -40003 -30012 -20003 -9993 -4995 -1000 992 4993 10001 19999 29994 40000 49994 0 
check_meter   
-50013 -40002 -30002 -20000 -9998 -5000 -1000 994 4998 9996 19996 29996 39998 49994 0 
DA_A          
1.002989 1.002989 1.002788 1.002788 1.001984 1.003492 1.010081 1.002486 1.002386 1.003190 1.002989 1.002788 1.002185 0.000000 
DA_B          
-583.754578 -583.750610 -589.650269 -589.652222 -597.195435 -590.567078 -587.878784 -575.939331 -575.380371 -583.868774 -579.739685 -573.603638 -549.210327 0.000000 
AD_A          
1.001576 1.000583 1.000865 1.000613 1.000405 0.998216 0.998819 1.000970 1.001515 0.999310 1.000446 1.000866 1.000664 0.000000 
AD_B
36.449394 -2.568480 5.689990 0.825228 -1.122961 -10.735913 -10.496180 -13.904221 -16.941875 6.320397 -16.986029 -29.818005 -21.606686 0.000000 
AD_Ratio      
1.000000 1.000000

ch05
setPointNum   
0 
setPoint      
0 0 0 0 0 0 0 0 0 0 0 0 0 0 0 
checkPointNum 
0 
checkPoint    
0 0 0 0 0 0 0 0 0 0 0 0 0 0 0 
set_ad        
0 0 0 0 0 0 0 0 0 0 0 0 0 0 0 
set_meter     
0 0 0 0 0 0 0 0 0 0 0 0 0 0 0 
check_ad      
0 0 0 0 0 0 0 0 0 0 0 0 0 0 0 
check_meter   
0 0 0 0 0 0 0 0 0 0 0 0 0 0 0 
DA_A          
0.000000 0.000000 0.000000 0.000000 0.000000 0.000000 0.000000 0.000000 0.000000 0.000000 0.000000 0.000000 0.000000 0.000000 
DA_B          
0.000000 0.000000 0.000000 0.000000 0.000000 0.000000 0.000000 0.000000 0.000000 0.000000 0.000000 0.000000 0.000000 0.000000 
AD_A          
0.000000 0.000000 0.000000 0.000000 0.000000 0.000000 0.000000 0.000000 0.000000 0.000000 0.000000 0.000000 0.000000 0.000000 
AD_B
0.000000 0.000000 0.000000 0.000000 0.000000 0.000000 0.000000 0.000000 0.000000 0.000000 0.000000 0.000000 0.000000 0.000000 
AD_Ratio      
0.000000 0.000000

ch06
setPointNum   
0 
setPoint      
0 0 0 0 0 0 0 0 0 0 0 0 0 0 0 
checkPointNum 
0 
checkPoint    
0 0 0 0 0 0 0 0 0 0 0 0 0 0 0 
set_ad        
0 0 0 0 0 0 0 0 0 0 0 0 0 0 0 
set_meter     
0 0 0 0 0 0 0 0 0 0 0 0 0 0 0 
check_ad      
0 0 0 0 0 0 0 0 0 0 0 0 0 0 0 
check_meter   
0 0 0 0 0 0 0 0 0 0 0 0 0 0 0 
DA_A          
0.000000 0.000000 0.000000 0.000000 0.000000 0.000000 0.000000 0.000000 0.000000 0.000000 0.000000 0.000000 0.000000 0.000000 
DA_B          
0.000000 0.000000 0.000000 0.000000 0.000000 0.000000 0.000000 0.000000 0.000000 0.000000 0.000000 0.000000 0.000000 0.000000 
AD_A          
0.000000 0.000000 0.000000 0.000000 0.000000 0.000000 0.000000 0.000000 0.000000 0.000000 0.000000 0.000000 0.000000 0.000000 
AD_B
0.000000 0.000000 0.000000 0.000000 0.000000 0.000000 0.000000 0.000000 0.000000 0.000000 0.000000 0.000000 0.000000 0.000000 
AD_Ratio      
0.000000 0.000000

ch07
setPointNum   
0 
setPoint      
0 0 0 0 0 0 0 0 0 0 0 0 0 0 0 
checkPointNum 
0 
checkPoint    
0 0 0 0 0 0 0 0 0 0 0 0 0 0 0 
set_ad        
0 0 0 0 0 0 0 0 0 0 0 0 0 0 0 
set_meter     
0 0 0 0 0 0 0 0 0 0 0 0 0 0 0 
check_ad      
0 0 0 0 0 0 0 0 0 0 0 0 0 0 0 
check_meter   
0 0 0 0 0 0 0 0 0 0 0 0 0 0 0 
DA_A          
0.000000 0.000000 0.000000 0.000000 0.000000 0.000000 0.000000 0.000000 0.000000 0.000000 0.000000 0.000000 0.000000 0.000000 
DA_B          
0.000000 0.000000 0.000000 0.000000 0.000000 0.000000 0.000000 0.000000 0.000000 0.000000 0.000000 0.000000 0.000000 0.000000 
AD_A          
0.000000 0.000000 0.000000 0.000000 0.000000 0.000000 0.000000 0.000000 0.000000 0.000000 0.000000 0.000000 0.000000 0.000000 
AD_B
0.000000 0.000000 0.000000 0.000000 0.000000 0.000000 0.000000 0.000000 0.000000 0.000000 0.000000 0.000000 0.000000 0.000000 
AD_Ratio      
0.000000 0.000000

ch08
setPointNum   
0 
setPoint      
0 0 0 0 0 0 0 0 0 0 0 0 0 0 0 
checkPointNum 
0 
checkPoint    
0 0 0 0 0 0 0 0 0 0 0 0 0 0 0 
set_ad        
0 0 0 0 0 0 0 0 0 0 0 0 0 0 0 
set_meter     
0 0 0 0 0 0 0 0 0 0 0 0 0 0 0 
check_ad      
0 0 0 0 0 0 0 0 0 0 0 0 0 0 0 
check_meter   
0 0 0 0 0 0 0 0 0 0 0 0 0 0 0 
DA_A          
0.000000 0.000000 0.000000 0.000000 0.000000 0.000000 0.000000 0.000000 0.000000 0.000000 0.000000 0.000000 0.000000 0.000000 
DA_B          
0.000000 0.000000 0.000000 0.000000 0.000000 0.000000 0.000000 0.000000 0.000000 0.000000 0.000000 0.000000 0.000000 0.000000 
AD_A          
0.000000 0.000000 0.000000 0.000000 0.000000 0.000000 0.000000 0.000000 0.000000 0.000000 0.000000 0.000000 0.000000 0.000000 
AD_B
0.000000 0.000000 0.000000 0.000000 0.000000 0.000000 0.000000 0.000000 0.000000 0.000000 0.000000 0.000000 0.000000 0.000000 
AD_Ratio      
0.000000 0.000000

