MCTS_Calibration_File
KJG001-00
date

voltage
range1
ch01
setPointNum   
7 
setPoint      
10000000 50000000 75000000 100000000 150000000 200000000 220000000 0 0 0 0 0 0 0 0 
checkPointNum 
7 
checkPoint    
10000000 50000000 75000000 100000000 150000000 200000000 220000000 0 0 0 0 0 0 0 0 
set_ad        
10032898 50174573 75265121 100380121 150552991 200701341 220813195 0 0 0 0 0 0 0 0 
set_meter     
10037565 50194614 75299859 100395035 150597839 200800959 220886916 0 0 0 0 0 0 0 0 
check_ad      
10016926 49998413 75017806 99995163 150001512 199996037 220014129 0 0 0 0 0 0 0 0 
check_meter   
10001623 50001936 74992609 99991724 150001811 199991091 220004252 0 0 0 0 0 0 0 0 
DA_A          
0.996089 0.995808 0.996207 0.995960 0.995954 0.995721 0.000000 0.000000 0.000000 0.000000 0.000000 0.000000 0.000000 0.000000 
DA_B          
1690.612305 15809.445312 -14276.648438 10530.288086 11474.386719 58360.175781 0.000000 0.000000 0.000000 0.000000 0.000000 0.000000 0.000000 0.000000 
AD_A          
1.000383 1.000586 0.999211 1.000597 1.001092 0.998712 0.000000 0.000000 0.000000 0.000000 0.000000 0.000000 0.000000 0.000000 
AD_B
824.465454 -9349.178711 94146.945312 -44974.511719 -119579.890625 358050.781250 0.000000 0.000000 0.000000 0.000000 0.000000 0.000000 0.000000 0.000000 
AD_Ratio      
1.000000 1.000000

ch02
setPointNum   
2 
setPoint      
22000000 198000000 0 0 0 0 0 0 0 0 0 0 0 0 0 
checkPointNum 
7 
checkPoint    
10000000 50000000 75000000 100000000 150000000 200000000 220000000 0 0 0 0 0 0 0 0 
set_ad        
21954341 197480247 0 0 0 0 0 0 0 0 0 0 0 0 0 
set_meter     
21967648 197624943 0 0 0 0 0 0 0 0 0 0 0 0 0 
check_ad      
9979536 50000231 75017627 99986067 150041471 200027410 219982719 0 0 0 0 0 0 0 0 
check_meter   
9990524 49995188 75000499 99993546 149999727 200001573 220006164 0 0 0 0 0 0 0 0 
DA_A          
1.001951 0.000000 0.000000 0.000000 0.000000 0.000000 0.000000 0.000000 0.000000 0.000000 0.000000 0.000000 0.000000 0.000000 
DA_B          
-10506.583008 0.000000 0.000000 0.000000 0.000000 0.000000 0.000000 0.000000 0.000000 0.000000 0.000000 0.000000 0.000000 0.000000 
AD_A          
1.000749 0.000000 0.000000 0.000000 0.000000 0.000000 0.000000 0.000000 0.000000 0.000000 0.000000 0.000000 0.000000 0.000000 
AD_B
-3126.807373 0.000000 0.000000 0.000000 0.000000 0.000000 0.000000 0.000000 0.000000 0.000000 0.000000 0.000000 0.000000 0.000000 
AD_Ratio      
1.000000 1.000000

ch03
setPointNum   
7 
setPoint      
10000000 50000000 75000000 100000000 150000000 200000000 220000000 0 0 0 0 0 0 0 0 
checkPointNum 
7 
checkPoint    
10000000 50000000 75000000 100000000 150000000 200000000 220000000 0 0 0 0 0 0 0 0 
set_ad        
9979755 49949945 74934274 99930892 149879511 199840207 219821253 0 0 0 0 0 0 0 0 
set_meter     
9992250 49998569 75011237 100010519 150026214 200036559 220048509 0 0 0 0 0 0 0 0 
check_ad      
9991959 49998472 74999049 99974053 150002045 200008284 219999693 0 0 0 0 0 0 0 0 
check_meter   
9991924 49998810 74995021 99997203 149991907 199999146 219999722 0 0 0 0 0 0 0 0 
DA_A          
0.999842 0.999494 1.000029 0.999686 0.999793 0.999403 0.000000 0.000000 0.000000 0.000000 0.000000 0.000000 0.000000 0.000000 
DA_B          
9328.276367 26753.443359 -13391.384766 20864.451172 4820.002930 82891.468750 0.000000 0.000000 0.000000 0.000000 0.000000 0.000000 0.000000 0.000000 
AD_A          
1.000904 1.001134 1.000107 1.001343 1.000994 1.001547 0.000000 0.000000 0.000000 0.000000 0.000000 0.000000 0.000000 0.000000 
AD_B
3474.313232 -8032.774414 68976.921875 -54570.195312 -2241.438965 -112734.007812 0.000000 0.000000 0.000000 0.000000 0.000000 0.000000 0.000000 0.000000 
AD_Ratio      
1.000000 1.000000

ch04
setPointNum   
7 
setPoint      
10000000 50000000 75000000 100000000 150000000 200000000 220000000 0 0 0 0 0 0 0 0 
checkPointNum 
7 
checkPoint    
10000000 50000000 75000000 100000000 150000000 200000000 220000000 0 0 0 0 0 0 0 0 
set_ad        
10016411 50031513 75048683 100078134 150149323 200118252 220156364 0 0 0 0 0 0 0 0 
set_meter     
10021463 50088022 75139192 100174830 150267399 200350507 220397507 0 0 0 0 0 0 0 0 
check_ad      
10001024 50014556 75000198 99991010 150009939 200051617 219984708 0 0 0 0 0 0 0 0 
check_meter   
9996920 49991956 74988832 99989162 150000188 199996308 219993411 0 0 0 0 0 0 0 0 
DA_A          
0.998339 0.997957 0.998577 0.998152 0.998341 0.997656 0.000000 0.000000 0.000000 0.000000 0.000000 0.000000 0.000000 0.000000 
DA_B          
-4815.237793 14288.753906 -32232.052734 10288.951172 -18045.005859 119212.851562 0.000000 0.000000 0.000000 0.000000 0.000000 0.000000 0.000000 0.000000 
AD_A          
1.001286 1.001359 1.000247 1.000427 1.002285 1.000444 0.000000 0.000000 0.000000 0.000000 0.000000 0.000000 0.000000 0.000000 
AD_B
-7828.498535 -11487.158203 71957.804688 53963.433594 -225015.187500 143491.593750 0.000000 0.000000 0.000000 0.000000 0.000000 0.000000 0.000000 0.000000 
AD_Ratio      
1.000000 1.000000

ch05
setPointNum   
7 
setPoint      
10000000 50000000 75000000 100000000 150000000 200000000 220000000 0 0 0 0 0 0 0 0 
checkPointNum 
7 
checkPoint    
10000000 50000000 75000000 100000000 150000000 200000000 220000000 0 0 0 0 0 0 0 0 
set_ad        
10024620 50174459 75256921 100355668 150528625 200697445 220743830 0 0 0 0 0 0 0 0 
set_meter     
10022094 50173910 75276576 100365716 150561233 200755285 220837467 0 0 0 0 0 0 0 0 
check_ad      
10009879 49990168 75006782 99973799 150009629 199987028 220027330 0 0 0 0 0 0 0 0 
check_meter   
9998416 49992391 74990603 99998588 150001625 199994818 220004581 0 0 0 0 0 0 0 0 
DA_A          
0.996219 0.995910 0.996447 0.996105 0.996134 0.995908 0.000000 0.000000 0.000000 0.000000 0.000000 0.000000 0.000000 0.000000 
DA_B          
15800.032227 31293.488281 -9123.469727 25219.382812 20842.111328 66262.718750 0.000000 0.000000 0.000000 0.000000 0.000000 0.000000 0.000000 0.000000 
AD_A          
1.000049 1.000805 0.999617 1.000450 1.000503 1.001786 0.000000 0.000000 0.000000 0.000000 0.000000 0.000000 0.000000 0.000000 
AD_B
-3019.617676 -40964.679688 48460.949219 -35076.386719 -43099.148438 -300547.125000 0.000000 0.000000 0.000000 0.000000 0.000000 0.000000 0.000000 0.000000 
AD_Ratio      
1.000000 1.000000

ch06
setPointNum   
2 
setPoint      
22000000 198000000 0 0 0 0 0 0 0 0 0 0 0 0 0 
checkPointNum 
7 
checkPoint    
10000000 50000000 75000000 100000000 150000000 200000000 220000000 0 0 0 0 0 0 0 0 
set_ad        
22027657 198394523 0 0 0 0 0 0 0 0 0 0 0 0 0 
set_meter     
22037120 198558797 0 0 0 0 0 0 0 0 0 0 0 0 0 
check_ad      
9961859 49983598 75016541 100045442 149976567 199989500 219992222 0 0 0 0 0 0 0 0 
check_meter   
10002878 50000282 74997913 99998761 149991483 199989875 219999527 0 0 0 0 0 0 0 0 
DA_A          
0.997045 0.000000 0.000000 0.000000 0.000000 0.000000 0.000000 0.000000 0.000000 0.000000 0.000000 0.000000 0.000000 0.000000 
DA_B          
28006.611328 0.000000 0.000000 0.000000 0.000000 0.000000 0.000000 0.000000 0.000000 0.000000 0.000000 0.000000 0.000000 0.000000 
AD_A          
1.000878 0.000000 0.000000 0.000000 0.000000 0.000000 0.000000 0.000000 0.000000 0.000000 0.000000 0.000000 0.000000 0.000000 
AD_B
-9872.398438 0.000000 0.000000 0.000000 0.000000 0.000000 0.000000 0.000000 0.000000 0.000000 0.000000 0.000000 0.000000 0.000000 
AD_Ratio      
1.000000 1.000000

ch07
setPointNum   
7 
setPoint      
10000000 50000000 75000000 100000000 150000000 200000000 220000000 0 0 0 0 0 0 0 0 
checkPointNum 
7 
checkPoint    
10000000 50000000 75000000 100000000 150000000 200000000 220000000 0 0 0 0 0 0 0 0 
set_ad        
9979900 50052088 75073277 100098603 150169644 200224027 220253871 0 0 0 0 0 0 0 0 
set_meter     
10001796 50092546 75151853 100205421 150319893 200427725 220473314 0 0 0 0 0 0 0 0 
check_ad      
10013815 49982102 74996396 99992912 149997051 199998978 219991605 0 0 0 0 0 0 0 0 
check_meter   
10001999 49994754 74990832 99996417 149989435 200002114 219996471 0 0 0 0 0 0 0 0 
DA_A          
0.997736 0.997633 0.997862 0.997716 0.997848 0.997726 0.000000 0.000000 0.000000 0.000000 0.000000 0.000000 0.000000 0.000000 
DA_B          
20844.208984 26006.306641 8832.075195 23469.267578 3595.246338 28100.945312 0.000000 0.000000 0.000000 0.000000 0.000000 0.000000 0.000000 0.000000 
AD_A          
1.000463 1.001523 1.001129 1.000867 1.001068 1.000786 0.000000 0.000000 0.000000 0.000000 0.000000 0.000000 0.000000 0.000000 
AD_B
17273.169922 -35792.792969 -6146.951660 19993.712891 -10104.935547 46306.496094 0.000000 0.000000 0.000000 0.000000 0.000000 0.000000 0.000000 0.000000 
AD_Ratio      
1.000000 1.000000

ch08
setPointNum   
7 
setPoint      
10000000 50000000 75000000 100000000 150000000 200000000 220000000 0 0 0 0 0 0 0 0 
checkPointNum 
7 
checkPoint    
10000000 50000000 75000000 100000000 150000000 200000000 220000000 0 0 0 0 0 0 0 0 
set_ad        
9996119 49900858 74893301 99845296 149691768 199579018 219547688 0 0 0 0 0 0 0 0 
set_meter     
10001555 49966182 74945085 99921257 149874025 199819184 219800310 0 0 0 0 0 0 0 0 
check_ad      
9997239 50006954 74953360 99974139 150053402 199990030 219995837 0 0 0 0 0 0 0 0 
check_meter   
10001690 49990399 74993743 99994359 149995652 199989656 219995349 0 0 0 0 0 0 0 0 
DA_A          
1.000885 1.000845 1.000954 1.000946 1.001098 1.000945 0.000000 0.000000 0.000000 0.000000 0.000000 0.000000 0.000000 0.000000 
DA_B          
-10407.453125 -8383.074219 -16584.806641 -15735.864258 -38590.328125 -7931.484863 0.000000 0.000000 0.000000 0.000000 0.000000 0.000000 0.000000 0.000000 
AD_A          
1.001501 0.999458 1.000969 1.002132 1.001161 1.000624 0.000000 0.000000 0.000000 0.000000 0.000000 0.000000 0.000000 0.000000 
AD_B
-9565.916992 92358.476562 -20783.156250 -136955.890625 8495.155273 115673.171875 0.000000 0.000000 0.000000 0.000000 0.000000 0.000000 0.000000 0.000000 
AD_Ratio      
1.000000 1.000000

range2
ch01
setPointNum   
6 
setPoint      
10000000 20000000 30000000 50000000 90000000 110000000 0 0 0 0 0 0 0 0 0 
checkPointNum 
6 
checkPoint    
10000000 20000000 30000000 50000000 90000000 110000000 0 0 0 0 0 0 0 0 0 
set_ad        
10078042 20113311 30152817 50219575 90373502 110425897 0 0 0 0 0 0 0 0 0 
set_meter     
10037026 20079321 30124381 50209239 90386197 110476904 0 0 0 0 0 0 0 0 0 
check_ad      
9997973 19999506 29995501 50002496 89997660 110016362 0 0 0 0 0 0 0 0 0 
check_meter   
10000430 20000043 29995116 49994759 89999818 109997807 0 0 0 0 0 0 0 0 0 
DA_A          
0.995788 0.995514 0.995775 0.995596 0.995485 0.000000 0.000000 0.000000 0.000000 0.000000 0.000000 0.000000 0.000000 0.000000 
DA_B          
5246.808594 10750.557617 2893.722168 11905.829102 21885.242188 0.000000 0.000000 0.000000 0.000000 0.000000 0.000000 0.000000 0.000000 0.000000 
AD_A          
1.000700 1.000553 1.000902 1.000574 1.001911 0.000000 0.000000 0.000000 0.000000 0.000000 0.000000 0.000000 0.000000 0.000000 
AD_B
-48071.945312 -45116.976562 -55633.515625 -39140.332031 -159972.140625 0.000000 0.000000 0.000000 0.000000 0.000000 0.000000 0.000000 0.000000 0.000000 
AD_Ratio      
1.000000 1.000000

ch02
setPointNum   
2 
setPoint      
11000000 99000000 0 0 0 0 0 0 0 0 0 0 0 0 0 
checkPointNum 
7 
checkPoint    
10000000 20000000 30000000 50000000 70000000 90000000 110000000 0 0 0 0 0 0 0 0 
set_ad        
11012141 98760973 0 0 0 0 0 0 0 0 0 0 0 0 0 
set_meter     
10984997 98827923 0 0 0 0 0 0 0 0 0 0 0 0 0 
check_ad      
9988108 20003579 30008676 50000851 70011534 90034375 110034742 0 0 0 0 0 0 0 0 
check_meter   
9999129 19998414 30000398 49991963 70002094 90003403 110001642 0 0 0 0 0 0 0 0 
DA_A          
1.001788 0.000000 0.000000 0.000000 0.000000 0.000000 0.000000 0.000000 0.000000 0.000000 0.000000 0.000000 0.000000 0.000000 
DA_B          
-4639.531250 0.000000 0.000000 0.000000 0.000000 0.000000 0.000000 0.000000 0.000000 0.000000 0.000000 0.000000 0.000000 0.000000 
AD_A          
1.001072 0.000000 0.000000 0.000000 0.000000 0.000000 0.000000 0.000000 0.000000 0.000000 0.000000 0.000000 0.000000 0.000000 
AD_B
-38952.433594 0.000000 0.000000 0.000000 0.000000 0.000000 0.000000 0.000000 0.000000 0.000000 0.000000 0.000000 0.000000 0.000000 
AD_Ratio      
1.000000 1.000000

ch03
setPointNum   
6 
setPoint      
10000000 20000000 30000000 50000000 90000000 110000000 0 0 0 0 0 0 0 0 0 
checkPointNum 
6 
checkPoint    
10000000 20000000 30000000 50000000 90000000 110000000 0 0 0 0 0 0 0 0 0 
set_ad        
10028738 20019168 30013909 49996800 89973064 109949994 0 0 0 0 0 0 0 0 0 
set_meter     
9990829 19992797 29995023 49994058 90003427 110006643 0 0 0 0 0 0 0 0 0 
check_ad      
9992685 20000994 30001093 49991985 89997432 110000737 0 0 0 0 0 0 0 0 0 
check_meter   
9997047 19998739 30000644 49993868 90003105 110000357 0 0 0 0 0 0 0 0 0 
DA_A          
0.999803 0.999777 1.000048 0.999766 0.999839 0.000000 0.000000 0.000000 0.000000 0.000000 0.000000 0.000000 0.000000 0.000000 
DA_B          
11136.808594 11652.406250 3529.670410 17649.115234 11043.224609 0.000000 0.000000 0.000000 0.000000 0.000000 0.000000 0.000000 0.000000 0.000000 
AD_A          
1.001155 1.000749 1.000808 1.000828 1.001316 0.000000 0.000000 0.000000 0.000000 0.000000 0.000000 0.000000 0.000000 0.000000 
AD_B
-49491.242188 -41363.230469 -43133.968750 -44145.171875 -88025.156250 0.000000 0.000000 0.000000 0.000000 0.000000 0.000000 0.000000 0.000000 0.000000 
AD_Ratio      
1.000000 1.000000

ch04
setPointNum   
6 
setPoint      
10000000 20000000 30000000 50000000 90000000 110000000 0 0 0 0 0 0 0 0 0 
checkPointNum 
6 
checkPoint    
10000000 20000000 30000000 50000000 90000000 110000000 0 0 0 0 0 0 0 0 0 
set_ad        
10049068 20057928 30073026 50084664 90122114 110137862 0 0 0 0 0 0 0 0 0 
set_meter     
10053468 20081008 30109873 50158860 90273818 110328599 0 0 0 0 0 0 0 0 0 
check_ad      
9998097 20005370 29997333 49995104 89977085 109995073 0 0 0 0 0 0 0 0 0 
check_meter   
9998309 20002103 29999536 49998644 89998330 109998087 0 0 0 0 0 0 0 0 0 
DA_A          
0.997254 0.997122 0.997557 0.997134 0.997268 0.000000 0.000000 0.000000 0.000000 0.000000 0.000000 0.000000 0.000000 0.000000 
DA_B          
-25856.791016 -23211.001953 -36303.578125 -15119.048828 -27228.917969 0.000000 0.000000 0.000000 0.000000 0.000000 0.000000 0.000000 0.000000 0.000000 
AD_A          
1.001866 1.001375 1.001866 1.001936 1.001950 0.000000 0.000000 0.000000 0.000000 0.000000 0.000000 0.000000 0.000000 0.000000 
AD_B
-14355.041992 -4492.121094 -19280.212891 -22762.275391 -24044.439453 0.000000 0.000000 0.000000 0.000000 0.000000 0.000000 0.000000 0.000000 0.000000 
AD_Ratio      
1.000000 1.000000

ch05
setPointNum   
6 
setPoint      
10000000 20000000 30000000 50000000 90000000 110000000 0 0 0 0 0 0 0 0 0 
checkPointNum 
6 
checkPoint    
10000000 20000000 30000000 50000000 90000000 110000000 0 0 0 0 0 0 0 0 0 
set_ad        
10069601 20102918 30142509 50217391 90338511 110401068 0 0 0 0 0 0 0 0 0 
set_meter     
10028238 20070238 30112841 50193981 90365403 110450591 0 0 0 0 0 0 0 0 0 
check_ad      
10011988 19998756 29996345 49985534 89995406 109996955 0 0 0 0 0 0 0 0 0 
check_meter   
9998764 20002805 29996360 49998239 89997843 109997255 0 0 0 0 0 0 0 0 0 
DA_A          
0.995818 0.995758 0.995959 0.995733 0.995759 0.000000 0.000000 0.000000 0.000000 0.000000 0.000000 0.000000 0.000000 0.000000 
DA_B          
13704.441406 14904.501953 8833.164062 20209.888672 17866.898438 0.000000 0.000000 0.000000 0.000000 0.000000 0.000000 0.000000 0.000000 0.000000 
AD_A          
1.000865 1.000300 1.000312 1.001254 1.001128 0.000000 0.000000 0.000000 0.000000 0.000000 0.000000 0.000000 0.000000 0.000000 
AD_B
-50077.402344 -38711.121094 -39064.410156 -86370.234375 -75011.804688 0.000000 0.000000 0.000000 0.000000 0.000000 0.000000 0.000000 0.000000 0.000000 
AD_Ratio      
1.000000 1.000000

ch06
setPointNum   
2 
setPoint      
11000000 99000000 0 0 0 0 0 0 0 0 0 0 0 0 0 
checkPointNum 
7 
checkPoint    
10000000 20000000 30000000 50000000 70000000 90000000 110000000 0 0 0 0 0 0 0 0 
set_ad        
11049010 99228514 0 0 0 0 0 0 0 0 0 0 0 0 0 
set_meter     
11019904 99295358 0 0 0 0 0 0 0 0 0 0 0 0 0 
check_ad      
10006319 20007703 30006901 50020090 70004489 90003163 109999696 0 0 0 0 0 0 0 0 
check_meter   
9997388 19997326 29998874 49995098 70001105 89996482 109999312 0 0 0 0 0 0 0 0 
DA_A          
0.996880 0.000000 0.000000 0.000000 0.000000 0.000000 0.000000 0.000000 0.000000 0.000000 0.000000 0.000000 0.000000 0.000000 
DA_B          
14482.417969 0.000000 0.000000 0.000000 0.000000 0.000000 0.000000 0.000000 0.000000 0.000000 0.000000 0.000000 0.000000 0.000000 
AD_A          
1.001088 0.000000 0.000000 0.000000 0.000000 0.000000 0.000000 0.000000 0.000000 0.000000 0.000000 0.000000 0.000000 0.000000 
AD_B
-41128.664062 0.000000 0.000000 0.000000 0.000000 0.000000 0.000000 0.000000 0.000000 0.000000 0.000000 0.000000 0.000000 0.000000 
AD_Ratio      
1.000000 1.000000

ch07
setPointNum   
6 
setPoint      
10000000 20000000 30000000 50000000 90000000 110000000 0 0 0 0 0 0 0 0 0 
checkPointNum 
6 
checkPoint    
10000000 20000000 30000000 50000000 90000000 110000000 0 0 0 0 0 0 0 0 0 
set_ad        
10034918 20051974 30066906 50092638 90140361 110160308 0 0 0 0 0 0 0 0 0 
set_meter     
10005410 20025563 30049112 50091411 90176834 110218782 0 0 0 0 0 0 0 0 0 
check_ad      
10005201 20003070 30006323 50005768 90005445 110002273 0 0 0 0 0 0 0 0 0 
check_meter   
9999640 20001142 30000252 49998958 89999670 109998252 0 0 0 0 0 0 0 0 0 
DA_A          
0.997989 0.997651 0.997890 0.997869 0.997907 0.000000 0.000000 0.000000 0.000000 0.000000 0.000000 0.000000 0.000000 0.000000 
DA_B          
14713.348633 21484.406250 14306.243164 15335.000977 11907.026367 0.000000 0.000000 0.000000 0.000000 0.000000 0.000000 0.000000 0.000000 0.000000 
AD_A          
1.000309 1.000860 1.000827 1.000941 1.001099 0.000000 0.000000 0.000000 0.000000 0.000000 0.000000 0.000000 0.000000 0.000000 
AD_B
-32610.521484 -43664.023438 -42667.917969 -48383.050781 -62587.105469 0.000000 0.000000 0.000000 0.000000 0.000000 0.000000 0.000000 0.000000 0.000000 
AD_Ratio      
1.000000 1.000000

ch08
setPointNum   
6 
setPoint      
10000000 20000000 30000000 50000000 90000000 110000000 0 0 0 0 0 0 0 0 0 
checkPointNum 
6 
checkPoint    
10000000 20000000 30000000 50000000 90000000 110000000 0 0 0 0 0 0 0 0 0 
set_ad        
10022490 20002946 29987405 49958083 89870919 109813032 0 0 0 0 0 0 0 0 0 
set_meter     
10029477 20028276 30030675 50031923 90030598 110029416 0 0 0 0 0 0 0 0 0 
check_ad      
10005220 20001729 29997707 49988979 89997938 110023418 0 0 0 0 0 0 0 0 0 
check_meter   
9999066 20003944 29999956 49994301 90000004 109998819 0 0 0 0 0 0 0 0 0 
DA_A          
1.000120 0.999760 0.999938 1.000033 1.000059 0.000000 0.000000 0.000000 0.000000 0.000000 0.000000 0.000000 0.000000 0.000000 
DA_B          
-30681.685547 -23472.369141 -28801.203125 -33580.363281 -35919.121094 0.000000 0.000000 0.000000 0.000000 0.000000 0.000000 0.000000 0.000000 0.000000 
AD_A          
1.001838 1.001797 1.001531 1.002151 1.002843 0.000000 0.000000 0.000000 0.000000 0.000000 0.000000 0.000000 0.000000 0.000000 
AD_B
-11433.253906 -10611.141602 -2633.047119 -33602.925781 -95867.164062 0.000000 0.000000 0.000000 0.000000 0.000000 0.000000 0.000000 0.000000 0.000000 
AD_Ratio      
1.000000 1.000000

range3
ch01
setPointNum   
0 
setPoint      
0 12 0 -200000000 -150000000 -100000000 -50000000 -20000000 -8000000 8000000 20000000 50000000 100000000 150000000 200000000 
checkPointNum 
0 
checkPoint    
0 12 0 -200000000 -150000000 -100000000 -50000000 -20000000 -8000000 8000000 20000000 50000000 100000000 150000000 200000000 
set_ad        
0 0 0 -199302337 -149630995 -100120327 -50565201 -20869723 -8973674 6844278 18767484 48520821 98095911 147644147 197150735 
set_meter     
0 0 0 -199308999 -149585999 -100056999 -50564999 -20826999 -8918999 6925999 18817999 48599999 98235999 148117999 197681999 
check_ad      
0 0 0 -199969033 -149965662 -100026318 -49993672 -20006192 -7984773 8012969 19980757 50071475 99909355 150047087 200012974 
check_meter   
0 0 0 -199956999 -150001999 -100106999 -50002999 -19993999 -8008999 8013999 20002999 50028999 99963999 149999999 200019999 
DA_A          
0.000000 0.000000 0.000000 1.005571 1.009510 1.010264 1.008810 1.007726 1.009782 1.009082 1.007320 1.007333 1.002366 1.008797 
DA_B          
0.000000 0.000000 0.000000 419322.031250 1008499.062500 1084012.625000 1010490.625000 987906.312500 1006248.125000 1011100.937500 1044255.937500 1043598.375000 1531615.625000 579050.312500 
AD_A          
0.000000 0.000000 0.000000 1.001040 1.000370 0.998726 1.001432 1.001005 1.001710 0.997383 1.000963 1.001229 1.006736 1.001160 
AD_B
0.000000 0.000000 0.000000 200611.640625 100398.914062 -64210.687500 72608.093750 63690.125000 70018.453125 99634.179688 32435.267578 19563.318359 -520700.062500 302631.437500 
AD_Ratio      
0.000000 0.000000

ch02
setPointNum   
1 
setPoint      
0 12 0 -200000000 -150000000 -100000000 -50000000 -20000000 -8000000 8000000 20000000 50000000 100000000 150000000 200000000 
checkPointNum 
0 
checkPoint    
0 12 0 -200000000 -150000000 -100000000 -50000000 -20000000 -8000000 8000000 20000000 50000000 100000000 150000000 200000000 
set_ad        
0 0 0 -199101047 -149578741 -100035917 -50499914 -20745562 -8849279 6982681 18882123 48615381 98174895 147723570 197231685 
set_meter     
0 0 0 -198739999 -149296999 -99909999 -50444999 -20764999 -8935999 6891999 18764999 48470999 97937999 147597999 197064999 
check_ad      
0 0 0 -200073709 -150016685 -100036030 -49991793 -19997245 -8088889 7972657 20000838 50019725 100023425 150022376 200036112 
check_meter   
0 0 0 -200012999 -149996999 -99997999 -49996999 -20002999 -7997999 8010999 20002999 50003999 99988999 149995999 200014999 
DA_A          
0.000000 0.000000 0.000000 1.011266 1.012412 1.010816 1.010782 1.014456 1.010867 1.010697 1.009897 1.010775 1.006847 1.010775 
DA_B          
0.000000 0.000000 0.000000 978904.000000 1150099.250000 990598.375000 988880.375000 1065177.750000 1033106.000000 1034280.437500 1049284.000000 1006732.750000 1391463.000000 811653.250000 
AD_A          
0.000000 0.000000 0.000000 0.998399 0.996855 0.998567 0.997501 0.994344 0.999750 0.997778 0.999083 0.998133 1.002247 0.999170 
AD_B
0.000000 0.000000 0.000000 42203.648438 -188718.828125 -17469.632812 -71277.281250 -136769.750000 -88934.562500 -75165.640625 -99813.789062 -53630.437500 -457473.437500 -2891.019531 
AD_Ratio      
0.000000 0.000000

ch03
setPointNum   
1 
setPoint      
0 15 0 -250000000 -200000000 -150000000 -100000000 -50000000 -25000000 -5000000 0 5000000 25000000 50000000 100000000 
checkPointNum 
0 
checkPoint    
0 15 0 -250000000 -200000000 -150000000 -100000000 -50000000 -25000000 -5000000 0 5000000 25000000 50000000 100000000 
set_ad        
200000000 250000000 0 -249936912 -200060408 -150027270 -100036486 -50045699 -25014315 -4960443 -8346 4926861 25018962 49974257 99922895 
set_meter     
199972686 249899998 0 -250478999 -200416999 -150328999 -100222999 -50098999 -25025999 -4954999 6999 5025999 25097999 50170999 100304999 
check_ad      
200516999 250579999 0 -250079610 -199959343 -150040514 -99930178 -49980284 -25026006 -5069364 -9465 5085183 24903489 49988183 100143808 
check_meter   
199983239 249978534 0 -249978999 -199988999 -149990999 -99987999 -49986999 -24986999 -5012999 8999 4999999 24993999 49988999 99993999 
DA_A          
199984000.000000 249980992.000000 0.000000 0.998762 0.998243 0.997885 0.997526 0.997088 0.996463 1.007659 0.996214 0.996413 0.997088 0.997327 
DA_B          
0.998163 0.998742 0.000000 168789.703125 64884.804688 10975.731445 -24939.150391 -46864.156250 -62529.023438 -7052.602539 -6972.504395 -7970.307129 -24926.214844 -36900.109375 
AD_A          
-148725.343750 -264665.531250 0.000000 1.003719 1.001096 1.002305 1.002665 1.001663 1.000854 1.001999 1.016979 0.999000 1.004717 1.003711 
AD_B
1.002446 1.002718 0.000000 387454.843750 -137222.109375 44045.570312 80059.328125 29903.621094 9680.710938 15361.686523 15486.703125 104067.046875 -38968.292969 11284.926758 
AD_Ratio      
55236.242188 845.051697

ch04
setPointNum   
1 
setPoint      
0 14 0 -120000000 -100000000 -75000000 -50000000 -25000000 -10000000 -4000000 4000000 10000000 25000000 50000000 75000000 
checkPointNum 
0 
checkPoint    
0 15 0 -120000000 -100000000 -75000000 -50000000 -25000000 -10000000 -4000000 0 4000000 10000000 25000000 50000000 
set_ad        
100000000 120000000 0 -101558767 -84572031 -63370444 -42198233 -20979496 -8273720 -3187003 3457049 8545817 21248133 42482440 63652978 
set_meter     
101818522 0 0 -117954999 -98225999 -73588999 -48958999 -24316999 -9571999 -3640999 4066999 9981999 24752999 49436999 74059999 
check_ad      
118411999 0 0 -119971710 -99998077 -74983496 -49981809 -24985385 -10012540 -3995066 -12736 4004479 9981935 25011932 49997709 
check_meter   
99992362 119991923 0 -120000999 -100003999 -74990999 -50000999 -24995999 -9990999 -3999999 0 3995999 9996999 25000999 49991999 
DA_A          
99992000.000000 119999000.000000 0.000000 1.013736 1.014734 1.015022 1.014528 1.017294 1.011634 1.037883 1.014370 1.015503 1.012802 1.015311 
DA_B          
1.015796 0.000000 0.000000 -424756.437500 -326745.343750 -305522.750000 -329722.625000 -262462.875000 -316642.375000 -221069.078125 -125442.773438 -136753.437500 -69882.312500 -193923.359375 
AD_A          
-282390.156250 0.000000 0.000000 1.161436 1.162036 1.163317 1.161332 1.160496 1.165978 1.160135 1.162364 1.162859 1.162458 1.163079 
AD_B
1.162703 0.000000 0.000000 -1031.025024 49716.292969 130936.804688 47162.750000 29618.515625 74976.312500 56355.078125 48650.191406 44420.457031 52926.847656 26581.554688 
AD_Ratio      
27338.923828 0.000000

ch05
setPointNum   
1 
setPoint      
0 0 14 0 -10000000 -5000000 -2500000 -900000 -750000 -500000 -250000 250000 500000 750000 900000 
checkPointNum 
64 
checkPoint    
0 0 14 0 -10000000 -5000000 -2500000 -900000 -750000 -500000 -250000 250000 500000 750000 900000 
set_ad        
5000000 10000000 0 0 -10266993 -5247765 -2744264 -1141441 -987829 -741830 -492488 7663 261377 512834 659014 
set_meter     
4762718 9766091 0 0 -10249999 -5219999 -2706999 -1101999 -951999 -706999 -441999 53999 303999 554999 700999 
check_ad      
4816999 9826999 0 0 -9984984 -4994237 -2496919 -902236 -754719 -483029 -261551 249444 502427 744786 906338 
check_meter   
4999506 10005790 0 0 -9993999 -4999999 -2500999 -901999 -754999 -486999 -263999 250999 501999 746999 902999 
DA_A          
4996999.000000 10004999.000000 0.000000 0.000000 0.994036 0.994827 0.996885 1.000000 1.020408 0.943396 1.008069 1.000000 0.996016 1.027397 
DA_B          
0.996016 0.998004 0.000000 0.000000 188865.812500 192995.421875 198565.984375 201999.000000 221427.546875 166980.187500 195565.312500 196001.000000 197212.156250 179795.546875 
AD_A          
202192.234375 192615.765625 0.000000 0.000000 1.002146 1.003794 1.001358 0.976486 0.995939 1.062797 0.991697 0.985361 0.998183 0.998769 
AD_B
1.002898 1.001325 0.000000 0.000000 39028.472656 47677.523438 40992.335938 12602.398438 31818.433594 81415.906250 46399.628906 46448.175781 43097.027344 42796.484375 
AD_Ratio      
40476.660156 47972.750000

ch06
setPointNum   
1 
setPoint      
0 0 14 0 -10000000 -5000000 -2500000 -900000 -750000 -500000 -250000 250000 500000 750000 900000 
checkPointNum 
64 
checkPoint    
0 0 14 0 -10000000 -5000000 -2500000 -900000 -750000 -500000 -250000 250000 500000 750000 900000 
set_ad        
5000000 10000000 0 0 -10247467 -5224036 -2718163 -1113093 -960198 -712545 -460523 43894 294350 541168 691887 
set_meter     
4793884 9790251 0 0 -10259999 -5256999 -2755999 -1150999 -995999 -736999 -483999 22999 266999 510999 656999 
check_ad      
4741999 9734999 0 0 -9965509 -4986746 -2490737 -892405 -749203 -505023 -253423 236729 501872 749876 903734 
check_meter   
4999496 10000331 0 0 -10001999 -5000999 -2499999 -892999 -749999 -505999 -242999 240999 499999 746999 898999 
DA_A          
4996999.000000 10000999.000000 0.000000 0.000000 0.999400 0.999600 0.996885 0.967742 0.965251 0.988142 0.986197 1.024590 1.024590 1.027397 
DA_B          
1.001603 1.001402 0.000000 0.000000 253846.687500 254897.046875 247413.328125 213870.000000 211389.000000 228259.875000 227318.453125 226435.453125 226435.453125 225001.031250 
AD_A          
250401.640625 251352.890625 0.000000 0.000000 0.995933 0.998055 0.999956 1.013768 1.045818 1.003881 1.005117 0.974223 0.988583 0.968690 
AD_B
0.997773 0.999326 0.000000 0.000000 -54209.890625 -43121.824219 -37954.542969 -22581.361328 8193.487305 -21688.888672 -21119.597656 -19763.544922 -23990.312500 -13225.072266 
AD_Ratio      
-41209.019531 -48654.453125

ch07
setPointNum   
1 
setPoint      
0 0 14 0 -10000000 -8000000 -6000000 -4000000 -2000000 -1000000 -500000 500000 1000000 2000000 4000000 
checkPointNum 
0 
checkPoint    
0 0 15 0 -10000000 -8000000 -6000000 -4000000 -2000000 -1000000 -500000 0 500000 1000000 2000000 
set_ad        
6000000 8000000 10000000 0 -8553898 -6857840 -5159176 -3462944 -1765090 -916384 -493517 345653 773861 1621471 3317800 
set_meter     
6712635 8410458 0 0 -9985999 -8003999 -6022999 -4039999 -2057999 -1066999 -573999 403999 903999 1892999 3872999 
check_ad      
7836999 9820999 0 0 -10001658 -7998099 -6001231 -4001290 -1998900 -999441 -499979 461 501601 1000003 2000828 
check_meter   
5999802 7997051 9998015 0 -9999999 -7998999 -5998999 -4000999 -1999999 -1000999 -498999 0 499999 998999 1999999 
DA_A          
5999999.000000 7997999.000000 9998999.000000 0.000000 1.009082 1.009591 1.008573 1.009082 1.009082 1.014199 1.022497 1.000000 1.011122 1.010101 
DA_B          
1.008065 1.008065 0.000000 0.000000 76689.203125 80766.281250 74633.382812 76689.203125 76689.203125 82149.085938 86912.242188 96001.000000 85946.414062 87879.796875 
AD_A          
99799.398438 99799.398438 0.000000 0.000000 1.168592 1.166211 1.169062 1.167356 1.167660 1.165851 1.165435 1.167657 1.166810 1.167226 
AD_B
1.167650 1.168555 0.000000 0.000000 10018.728516 -6313.147949 8396.474609 2489.345947 3025.889648 1368.387329 1162.932617 394.910400 1050.085938 375.234222 
AD_Ratio      
-1010.627258 -7085.948730

ch08
setPointNum   
1 
setPoint      
0 0 14 0 -10000000 -8000000 -6000000 -4000000 -2000000 -1000000 -500000 500000 1000000 2000000 4000000 
checkPointNum 
0 
checkPoint    
0 0 15 0 -10000000 -8000000 -6000000 -4000000 -2000000 -1000000 -500000 0 500000 1000000 2000000 
set_ad        
6000000 8000000 10000000 0 -8480275 -6782727 -5086335 -3391261 -1695680 -848473 -425286 413085 840011 1686823 3380947 
set_meter     
6773939 8469537 0 0 -9825999 -7854999 -5884999 -3914999 -1946999 -962999 -471999 499999 995999 1978999 3947999 
check_ad      
7886999 9856999 0 0 -10002865 -8001910 -6001809 -3997740 -2001210 -999608 -500405 678 499994 999398 1999122 
check_meter   
6000944 7998316 9998490 0 -9999999 -7999999 -5999999 -3999999 -1999999 -999999 -499999 0 499999 998999 1999999 
DA_A          
5999999.000000 7998999.000000 9999999.000000 0.000000 1.014713 1.015228 1.015228 1.016260 1.016260 1.018330 1.028809 1.008065 1.017294 1.015744 
DA_B          
1.014713 1.015228 0.000000 0.000000 -29427.701172 -25381.726562 -25381.726562 -21342.480469 -21342.480469 -19349.287109 -14403.322266 -4031.250000 -13223.804688 -10156.424805 
AD_A          
-3043.125244 -7105.583984 0.000000 0.000000 1.161086 1.161288 1.162191 1.160664 1.161463 1.160244 1.159389 1.161794 1.160824 1.162253 
AD_B
1.161184 1.161832 0.000000 0.000000 20333.490234 21701.779297 26294.519531 21115.906250 22471.412109 21436.351562 21072.851562 20079.388672 20893.765625 18484.605469 
AD_Ratio      
21212.164062 16819.964844

range4
ch01
setPointNum   
1 
setPoint      
0 0 0 0 0 0 0 0 0 0 0 0 0 0 0 
checkPointNum 
0 
checkPoint    
0 0 0 0 0 0 0 0 0 0 0 0 0 0 0 
set_ad        
0 0 0 0 0 0 0 0 0 0 0 0 0 0 0 
set_meter     
0 0 0 0 0 0 0 0 0 0 0 0 0 0 0 
check_ad      
0 0 0 0 0 0 0 0 0 0 0 0 0 0 0 
check_meter   
0 0 0 0 0 0 0 0 0 0 0 0 0 0 0 
DA_A          
0.000000 0.000000 0.000000 0.000000 1.000000 1.000000 1.000000 1.000000 1.000000 1.000000 1.000000 1.000000 1.000000 1.000000 
DA_B          
1.000000 1.000000 1.000000 0.000000 0.000000 0.000000 0.000000 0.000000 0.000000 0.000000 0.000000 0.000000 0.000000 0.000000 
AD_A          
0.000000 0.000000 0.000000 0.000000 1.000000 1.000000 1.000000 1.000000 1.000000 1.000000 1.000000 1.000000 1.000000 1.000000 
AD_B
1.000000 1.000000 1.000000 0.000000 0.000000 0.000000 0.000000 0.000000 0.000000 0.000000 0.000000 0.000000 0.000000 0.000000 
AD_Ratio      
0.000000 0.000000

ch02
setPointNum   
1 
setPoint      
0 0 0 0 0 0 0 0 0 0 0 0 0 0 0 
checkPointNum 
0 
checkPoint    
0 0 0 0 0 0 0 0 0 0 0 0 0 0 0 
set_ad        
0 0 0 0 0 0 0 0 0 0 0 0 0 0 0 
set_meter     
0 0 0 0 0 0 0 0 0 0 0 0 0 0 0 
check_ad      
0 0 0 0 0 0 0 0 0 0 0 0 0 0 0 
check_meter   
0 0 0 0 0 0 0 0 0 0 0 0 0 0 0 
DA_A          
0.000000 0.000000 0.000000 0.000000 1.000000 1.000000 1.000000 1.000000 1.000000 1.000000 1.000000 1.000000 1.000000 1.000000 
DA_B          
1.000000 1.000000 1.000000 0.000000 0.000000 0.000000 0.000000 0.000000 0.000000 0.000000 0.000000 0.000000 0.000000 0.000000 
AD_A          
0.000000 0.000000 0.000000 0.000000 1.000000 1.000000 1.000000 1.000000 1.000000 1.000000 1.000000 1.000000 1.000000 1.000000 
AD_B
1.000000 1.000000 1.000000 0.000000 0.000000 0.000000 0.000000 0.000000 0.000000 0.000000 0.000000 0.000000 0.000000 0.000000 
AD_Ratio      
0.000000 0.000000

ch03
setPointNum   
1 
setPoint      
0 0 0 0 0 0 0 0 0 0 0 0 0 0 0 
checkPointNum 
0 
checkPoint    
0 0 0 0 0 0 0 0 0 0 0 0 0 0 0 
set_ad        
0 0 0 0 0 0 0 0 0 0 0 0 0 0 0 
set_meter     
0 0 0 0 0 0 0 0 0 0 0 0 0 0 0 
check_ad      
0 0 0 0 0 0 0 0 0 0 0 0 0 0 0 
check_meter   
0 0 0 0 0 0 0 0 0 0 0 0 0 0 0 
DA_A          
0.000000 0.000000 0.000000 0.000000 1.000000 1.000000 1.000000 1.000000 1.000000 1.000000 1.000000 1.000000 1.000000 1.000000 
DA_B          
1.000000 1.000000 1.000000 0.000000 0.000000 0.000000 0.000000 0.000000 0.000000 0.000000 0.000000 0.000000 0.000000 0.000000 
AD_A          
0.000000 0.000000 0.000000 0.000000 1.000000 1.000000 1.000000 1.000000 1.000000 1.000000 1.000000 1.000000 1.000000 1.000000 
AD_B
1.000000 1.000000 1.000000 0.000000 0.000000 0.000000 0.000000 0.000000 0.000000 0.000000 0.000000 0.000000 0.000000 0.000000 
AD_Ratio      
0.000000 0.000000

ch04
setPointNum   
1 
setPoint      
0 0 0 0 0 0 0 0 0 0 0 0 0 0 0 
checkPointNum 
0 
checkPoint    
0 0 0 0 0 0 0 0 0 0 0 0 0 0 0 
set_ad        
0 0 0 0 0 0 0 0 0 0 0 0 0 0 0 
set_meter     
0 0 0 0 0 0 0 0 0 0 0 0 0 0 0 
check_ad      
0 0 0 0 0 0 0 0 0 0 0 0 0 0 0 
check_meter   
0 0 0 0 0 0 0 0 0 0 0 0 0 0 0 
DA_A          
0.000000 0.000000 0.000000 0.000000 1.000000 1.000000 1.000000 1.000000 1.000000 1.000000 1.000000 1.000000 1.000000 1.000000 
DA_B          
1.000000 1.000000 1.000000 0.000000 0.000000 0.000000 0.000000 0.000000 0.000000 0.000000 0.000000 0.000000 0.000000 0.000000 
AD_A          
0.000000 0.000000 0.000000 0.000000 1.000000 1.000000 1.000000 1.000000 1.000000 1.000000 1.000000 1.000000 1.000000 1.000000 
AD_B
1.000000 1.000000 1.000000 0.000000 0.000000 0.000000 0.000000 0.000000 0.000000 0.000000 0.000000 0.000000 0.000000 0.000000 
AD_Ratio      
0.000000 0.000000

ch05
setPointNum   
1 
setPoint      
0 0 0 0 0 0 0 0 0 0 0 0 0 0 0 
checkPointNum 
0 
checkPoint    
0 0 0 0 0 0 0 0 0 0 0 0 0 0 0 
set_ad        
0 0 0 0 0 0 0 0 0 0 0 0 0 0 0 
set_meter     
0 0 0 0 0 0 0 0 0 0 0 0 0 0 0 
check_ad      
0 0 0 0 0 0 0 0 0 0 0 0 0 0 0 
check_meter   
0 0 0 0 0 0 0 0 0 0 0 0 0 0 0 
DA_A          
0.000000 0.000000 0.000000 0.000000 0.000000 1.000000 1.000000 1.000000 1.000000 1.000000 1.000000 1.000000 1.000000 1.000000 
DA_B          
1.000000 1.000000 1.000000 1.000000 0.000000 0.000000 0.000000 0.000000 0.000000 0.000000 0.000000 0.000000 0.000000 0.000000 
AD_A          
0.000000 0.000000 0.000000 0.000000 0.000000 1.000000 1.000000 1.000000 1.000000 1.000000 1.000000 1.000000 1.000000 1.000000 
AD_B
1.000000 1.000000 1.000000 1.000000 0.000000 0.000000 0.000000 0.000000 0.000000 0.000000 0.000000 0.000000 0.000000 0.000000 
AD_Ratio      
0.000000 0.000000

ch06
setPointNum   
0 
setPoint      
1 0 0 0 0 0 0 0 0 0 0 0 0 0 0 
checkPointNum 
0 
checkPoint    
0 0 0 0 0 0 0 0 0 0 0 0 0 0 0 
set_ad        
0 0 0 0 0 0 0 0 0 0 0 0 0 0 0 
set_meter     
0 0 0 0 0 0 0 0 0 0 0 0 0 0 0 
check_ad      
0 0 0 0 0 0 0 0 0 0 0 0 0 0 0 
check_meter   
0 0 0 0 0 0 0 0 0 0 0 0 0 0 0 
DA_A          
0.000000 0.000000 0.000000 0.000000 0.000000 1.000000 1.000000 1.000000 1.000000 1.000000 1.000000 1.000000 1.000000 1.000000 
DA_B          
1.000000 1.000000 1.000000 1.000000 0.000000 0.000000 0.000000 0.000000 0.000000 0.000000 0.000000 0.000000 0.000000 0.000000 
AD_A          
0.000000 0.000000 0.000000 0.000000 0.000000 1.000000 1.000000 1.000000 1.000000 1.000000 1.000000 1.000000 1.000000 1.000000 
AD_B
1.000000 1.000000 1.000000 1.000000 0.000000 0.000000 0.000000 0.000000 0.000000 0.000000 0.000000 0.000000 0.000000 0.000000 
AD_Ratio      
0.000000 0.000000

ch07
setPointNum   
0 
setPoint      
1 0 0 0 0 0 0 0 0 0 0 0 0 0 0 
checkPointNum 
0 
checkPoint    
0 0 0 0 0 0 0 0 0 0 0 0 0 0 0 
set_ad        
0 0 0 0 0 0 0 0 0 0 0 0 0 0 0 
set_meter     
0 0 0 0 0 0 0 0 0 0 0 0 0 0 0 
check_ad      
0 0 0 0 0 0 0 0 0 0 0 0 0 0 0 
check_meter   
0 0 0 0 0 0 0 0 0 0 0 0 0 0 0 
DA_A          
0.000000 0.000000 0.000000 0.000000 0.000000 1.000000 1.000000 1.000000 1.000000 1.000000 1.000000 1.000000 1.000000 1.000000 
DA_B          
1.000000 1.000000 1.000000 1.000000 0.000000 0.000000 0.000000 0.000000 0.000000 0.000000 0.000000 0.000000 0.000000 0.000000 
AD_A          
0.000000 0.000000 0.000000 0.000000 0.000000 1.000000 1.000000 1.000000 1.000000 1.000000 1.000000 1.000000 1.000000 1.000000 
AD_B
1.000000 1.000000 1.000000 1.000000 0.000000 0.000000 0.000000 0.000000 0.000000 0.000000 0.000000 0.000000 0.000000 0.000000 
AD_Ratio      
0.000000 0.000000

ch08
setPointNum   
0 
setPoint      
1 0 0 0 0 0 0 0 0 0 0 0 0 0 0 
checkPointNum 
0 
checkPoint    
0 0 0 0 0 0 0 0 0 0 0 0 0 0 0 
set_ad        
0 0 0 0 0 0 0 0 0 0 0 0 0 0 0 
set_meter     
0 0 0 0 0 0 0 0 0 0 0 0 0 0 0 
check_ad      
0 0 0 0 0 0 0 0 0 0 0 0 0 0 0 
check_meter   
0 0 0 0 0 0 0 0 0 0 0 0 0 0 0 
DA_A          
0.000000 0.000000 0.000000 0.000000 0.000000 1.000000 1.000000 1.000000 1.000000 1.000000 1.000000 1.000000 1.000000 1.000000 
DA_B          
1.000000 1.000000 1.000000 1.000000 0.000000 0.000000 0.000000 0.000000 0.000000 0.000000 0.000000 0.000000 0.000000 0.000000 
AD_A          
0.000000 0.000000 0.000000 0.000000 0.000000 1.000000 1.000000 1.000000 1.000000 1.000000 1.000000 1.000000 1.000000 1.000000 
AD_B
1.000000 1.000000 1.000000 1.000000 0.000000 0.000000 0.000000 0.000000 0.000000 0.000000 0.000000 0.000000 0.000000 0.000000 
AD_Ratio      
0.000000 0.000000

current
range1
ch01
setPointNum   
10 
setPoint      
-600000000 -400000000 -200000000 -100000000 -10000000 10000000 100000000 200000000 400000000 600000000 0 0 0 0 0 
checkPointNum 
10 
checkPoint    
-600000000 -400000000 -200000000 -100000000 -10000000 10000000 100000000 200000000 400000000 600000000 0 0 0 0 0 
set_ad        
-596333566 -397413480 -198379873 -98749447 -9217248 10679509 100232680 199884042 399176959 598356331 0 0 0 0 0 
set_meter     
-593984999 -395704999 -197459999 -98349999 -9214999 10574999 99729999 198884999 397214999 595574999 0 0 0 0 0 
check_ad      
-600025815 -399978404 -199954460 -100052296 -10015972 9959762 99996692 199982832 399976223 599958226 0 0 0 0 0 
check_meter   
-600064999 -400014999 -200004999 -100009999 -9994999 9974999 99984999 199979999 399979999 599984999 0 0 0 0 0 
DA_A          
1.008675 1.008853 1.008980 1.009704 1.010612 1.009478 1.008522 1.008420 1.008268 0.000000 0.000000 0.000000 0.000000 0.000000 
DA_B          
-862417.812500 -791950.375000 -766825.750000 -695575.125000 -687215.812500 -675227.500000 -579899.125000 -559672.250000 -499091.562500 0.000000 0.000000 0.000000 0.000000 0.000000 
AD_A          
0.996782 0.996038 0.994776 0.995564 0.994634 0.995554 0.995019 0.995168 0.995886 0.000000 0.000000 0.000000 0.000000 0.000000 
AD_B
429682.000000 133857.218750 -116376.148438 -38642.230469 -47207.511719 -57026.804688 -3423.463379 -33269.882812 -319850.062500 0.000000 0.000000 0.000000 0.000000 0.000000 
AD_Ratio      
1.000000 1.000000

ch02
setPointNum   
10 
setPoint      
-600000000 -400000000 -200000000 -100000000 -10000000 10000000 100000000 200000000 400000000 600000000 0 0 0 0 0 
checkPointNum 
10 
checkPoint    
-600000000 -400000000 -200000000 -100000000 -10000000 10000000 100000000 200000000 400000000 600000000 0 0 0 0 0 
set_ad        
-595560020 -397275503 -198805204 -99503275 -10216849 9598266 98977658 198342049 397081085 595624304 0 0 0 0 0 
set_meter     
-595644999 -397159999 -198689999 -99454999 -10214999 9589999 98914999 198194999 396774999 595364999 0 0 0 0 0 
check_ad      
-600050122 -399997343 -199999588 -99960077 -9988702 10012228 99985717 200027544 399990831 600055235 0 0 0 0 0 
check_meter   
-600039999 -400014999 -200009999 -99999999 -9994999 9989999 99994999 200004999 400004999 599989999 0 0 0 0 0 
DA_A          
1.007633 1.007709 1.007709 1.008516 1.009846 1.007557 1.007252 1.007151 1.007100 0.000000 0.000000 0.000000 0.000000 0.000000 
DA_B          
191449.234375 221694.968750 221694.968750 301993.625000 315576.906250 337532.500000 367648.062500 387754.062500 407876.531250 0.000000 0.000000 0.000000 0.000000 0.000000 
AD_A          
1.001011 0.999999 0.999326 0.999480 0.999489 0.999391 0.999151 0.999200 1.000236 0.000000 0.000000 0.000000 0.000000 0.000000 
AD_B
517184.312500 114905.492188 -18788.707031 -3462.424805 -3366.414795 -2425.956787 21403.544922 11668.321289 -399646.750000 0.000000 0.000000 0.000000 0.000000 0.000000 
AD_Ratio      
1.000000 1.000000

ch03
setPointNum   
10 
setPoint      
-600000000 -400000000 -200000000 -100000000 -10000000 10000000 100000000 200000000 400000000 600000000 0 0 0 0 0 
checkPointNum 
10 
checkPoint    
-600000000 -400000000 -200000000 -100000000 -10000000 10000000 100000000 200000000 400000000 600000000 0 0 0 0 0 
set_ad        
-592894031 -395195631 -197312072 -98257034 -9248637 10535757 99586082 198672979 396763745 594761390 0 0 0 0 0 
set_meter     
-591744999 -394269999 -196779999 -98044999 -9244999 10474999 99294999 198054999 395594999 593169999 0 0 0 0 0 
check_ad      
-600041527 -400023832 -199988654 -100037641 -10016333 9951108 100013778 199965925 399984866 599956605 0 0 0 0 0 
check_meter   
-600074999 -400039999 -200024999 -100024999 -10009999 9954999 99989999 199964999 399979999 599979999 0 0 0 0 0 
DA_A          
1.012786 1.012709 1.012812 1.013514 1.014199 1.013285 1.012556 1.012453 1.012274 0.000000 0.000000 0.000000 0.000000 0.000000 
DA_B          
-688695.812500 -719024.750000 -698841.312500 -630068.562500 -623732.312500 -614162.437500 -541716.312500 -521412.375000 -450460.843750 0.000000 0.000000 0.000000 0.000000 0.000000 
AD_A          
0.998870 0.998011 0.996769 0.997659 0.996745 0.997414 0.996701 0.997220 0.997865 0.000000 0.000000 0.000000 0.000000 0.000000 
AD_B
479059.312500 139650.593750 -105424.718750 -18016.003906 -26465.283203 -33507.699219 37460.859375 -65595.234375 -321815.656250 0.000000 0.000000 0.000000 0.000000 0.000000 
AD_Ratio      
1.000000 1.000000

ch04
setPointNum   
10 
setPoint      
-600000000 -400000000 -200000000 -100000000 -10000000 10000000 100000000 200000000 400000000 600000000 0 0 0 0 0 
checkPointNum 
10 
checkPoint    
-600000000 -400000000 -200000000 -100000000 -10000000 10000000 100000000 200000000 400000000 600000000 0 0 0 0 0 
set_ad        
-600521270 -400607070 -200486981 -100349466 -10361815 9618810 99741226 199920663 400269320 600525240 0 0 0 0 0 
set_meter     
-598234999 -398904999 -199544999 -99849999 -10219999 9679999 99404999 199139999 398604999 598094999 0 0 0 0 0 
check_ad      
-600126116 -399994531 -200017408 -100024177 -10024627 9977461 99958835 199970962 399949535 599931815 0 0 0 0 0 
check_meter   
-600124999 -400029999 -200024999 -100029999 -10014999 9979999 99979999 199984999 399974999 599974999 0 0 0 0 0 
DA_A          
1.003361 1.003210 1.003059 1.004128 1.005025 1.003065 1.002657 1.002682 1.002557 0.000000 0.000000 0.000000 0.000000 0.000000 
DA_B          
245822.500000 185592.890625 155473.187500 262188.000000 271356.812500 290332.562500 330877.812500 325872.718750 375959.687500 0.000000 0.000000 0.000000 0.000000 0.000000 
AD_A          
0.997078 0.996202 0.995581 0.996026 0.995965 0.995590 0.995564 0.995589 0.996175 0.000000 0.000000 0.000000 0.000000 0.000000 
AD_B
531395.500000 180499.484375 56015.371094 100633.531250 100003.390625 103605.406250 106265.914062 101105.289062 -133408.562500 0.000000 0.000000 0.000000 0.000000 0.000000 
AD_Ratio      
1.000000 1.000000

ch05
setPointNum   
2 
setPoint      
-40000000 40000000 0 0 0 0 0 0 0 0 0 0 0 0 0 
checkPointNum 
6 
checkPoint    
-50000000 -35000000 -7500000 7500000 35000000 50000000 0 0 0 0 0 0 0 0 0 
set_ad        
-40447351 40444910 0 0 0 0 0 0 0 0 0 0 0 0 0 
set_meter     
-40429999 40453999 0 0 0 0 0 0 0 0 0 0 0 0 0 
check_ad      
-50002434 -34999767 -7504090 7498739 35018863 50011273 0 0 0 0 0 0 0 0 0 
check_meter   
-49995999 -34998999 -7497999 7503999 35002999 49997999 0 0 0 0 0 0 0 0 0 
DA_A          
0.989071 0.000000 0.000000 0.000000 0.000000 0.000000 0.000000 0.000000 0.000000 0.000000 0.000000 0.000000 0.000000 0.000000 
DA_B          
-11868.849609 0.000000 0.000000 0.000000 0.000000 0.000000 0.000000 0.000000 0.000000 0.000000 0.000000 0.000000 0.000000 0.000000 
AD_A          
0.999898 0.000000 0.000000 0.000000 0.000000 0.000000 0.000000 0.000000 0.000000 0.000000 0.000000 0.000000 0.000000 0.000000 
AD_B
13220.375000 0.000000 0.000000 0.000000 0.000000 0.000000 0.000000 0.000000 0.000000 0.000000 0.000000 0.000000 0.000000 0.000000 
AD_Ratio      
1.000000 1.000000

ch06
setPointNum   
2 
setPoint      
-40000000 40000000 0 0 0 0 0 0 0 0 0 0 0 0 0 
checkPointNum 
6 
checkPoint    
-50000000 -35000000 -7500000 7500000 35000000 50000000 0 0 0 0 0 0 0 0 0 
set_ad        
-40464069 40450460 0 0 0 0 0 0 0 0 0 0 0 0 0 
set_meter     
-40463999 40423999 0 0 0 0 0 0 0 0 0 0 0 0 0 
check_ad      
-50012579 -35003148 -7498830 7512197 35004378 49995551 0 0 0 0 0 0 0 0 0 
check_meter   
-49996999 -34999999 -7500999 7501999 35001999 49998999 0 0 0 0 0 0 0 0 0 
DA_A          
0.989022 0.000000 0.000000 0.000000 0.000000 0.000000 0.000000 0.000000 0.000000 0.000000 0.000000 0.000000 0.000000 0.000000 
DA_B          
19780.437500 0.000000 0.000000 0.000000 0.000000 0.000000 0.000000 0.000000 0.000000 0.000000 0.000000 0.000000 0.000000 0.000000 
AD_A          
0.999672 0.000000 0.000000 0.000000 0.000000 0.000000 0.000000 0.000000 0.000000 0.000000 0.000000 0.000000 0.000000 0.000000 
AD_B
-13197.731445 0.000000 0.000000 0.000000 0.000000 0.000000 0.000000 0.000000 0.000000 0.000000 0.000000 0.000000 0.000000 0.000000 
AD_Ratio      
1.000000 1.000000

ch07
setPointNum   
2 
setPoint      
-160000000 160000000 0 0 0 0 0 0 0 0 0 0 0 0 0 
checkPointNum 
6 
checkPoint    
-200000000 -100000000 -80000000 80000000 100000000 200000000 0 0 0 0 0 0 0 0 0 
set_ad        
-157878880 157999897 0 0 0 0 0 0 0 0 0 0 0 0 0 
set_meter     
-161444999 162029999 0 0 0 0 0 0 0 0 0 0 0 0 0 
check_ad      
-199998501 -99987662 -79999001 79993339 100008459 200012253 0 0 0 0 0 0 0 0 0 
check_meter   
-199975999 -99996999 -80002999 80020999 100019999 199964999 0 0 0 0 0 0 0 0 0 
DA_A          
0.989257 0.000000 0.000000 0.000000 0.000000 0.000000 0.000000 0.000000 0.000000 0.000000 0.000000 0.000000 0.000000 0.000000 
DA_B          
-289357.750000 0.000000 0.000000 0.000000 0.000000 0.000000 0.000000 0.000000 0.000000 0.000000 0.000000 0.000000 0.000000 0.000000 
AD_A          
1.024048 0.000000 0.000000 0.000000 0.000000 0.000000 0.000000 0.000000 0.000000 0.000000 0.000000 0.000000 0.000000 0.000000 
AD_B
230536.390625 0.000000 0.000000 0.000000 0.000000 0.000000 0.000000 0.000000 0.000000 0.000000 0.000000 0.000000 0.000000 0.000000 
AD_Ratio      
1.000000 1.000000

ch08
setPointNum   
2 
setPoint      
-160000000 160000000 0 0 0 0 0 0 0 0 0 0 0 0 0 
checkPointNum 
6 
checkPoint    
-200000000 -100000000 -80000000 80000000 100000000 200000000 0 0 0 0 0 0 0 0 0 
set_ad        
-157858029 158135467 0 0 0 0 0 0 0 0 0 0 0 0 0 
set_meter     
-161665999 161917999 0 0 0 0 0 0 0 0 0 0 0 0 0 
check_ad      
-200030454 -100021864 -79994317 80070966 100011549 200061194 0 0 0 0 0 0 0 0 0 
check_meter   
-199980999 -100005999 -80006999 80016999 100018999 199970999 0 0 0 0 0 0 0 0 0 
DA_A          
0.988924 0.000000 0.000000 0.000000 0.000000 0.000000 0.000000 0.000000 0.000000 0.000000 0.000000 0.000000 0.000000 0.000000 
DA_B          
-124604.429688 0.000000 0.000000 0.000000 0.000000 0.000000 0.000000 0.000000 0.000000 0.000000 0.000000 0.000000 0.000000 0.000000 
AD_A          
1.024021 0.000000 0.000000 0.000000 0.000000 0.000000 0.000000 0.000000 0.000000 0.000000 0.000000 0.000000 0.000000 0.000000 
AD_B
-16051.178711 0.000000 0.000000 0.000000 0.000000 0.000000 0.000000 0.000000 0.000000 0.000000 0.000000 0.000000 0.000000 0.000000 
AD_Ratio      
1.000000 1.000000

range2
ch01
setPointNum   
10 
setPoint      
-300000000 -200000000 -100000000 -50000000 -10000000 10000000 50000000 100000000 200000000 300000000 0 0 0 0 0 
checkPointNum 
10 
checkPoint    
-300000000 -200000000 -100000000 -50000000 -10000000 10000000 50000000 100000000 200000000 300000000 0 0 0 0 0 
set_ad        
-299614001 -199433951 -99202544 -49032704 -8955485 11049527 51178665 101338893 201695191 301979483 0 0 0 0 0 
set_meter     
-299384999 -199254999 -99139999 -49069999 -9049999 10929999 50964999 101029999 201189999 301364999 0 0 0 0 0 
check_ad      
-299998953 -200007564 -99999713 -50011037 -10006858 10014433 49989199 99992077 199967202 300006988 0 0 0 0 0 
check_meter   
-300009999 -200009999 -100004999 -50004999 -10009999 9989999 49989999 99989999 199984999 299974999 0 0 0 0 0 
DA_A          
0.998702 0.998851 0.998602 0.999500 1.001001 0.999126 0.998702 0.998403 0.998253 0.000000 0.000000 0.000000 0.000000 0.000000 
DA_B          
-1003696.187500 -973881.062500 -998602.937500 -954523.750000 -940941.062500 -920443.625000 -898830.500000 -868609.250000 -838531.562500 0.000000 0.000000 0.000000 0.000000 0.000000 
AD_A          
0.999500 0.998839 0.998010 0.998572 0.998750 0.997654 0.998102 0.998044 0.998910 0.000000 0.000000 0.000000 0.000000 0.000000 
AD_B
79314.703125 -52667.097656 -134872.046875 -107299.914062 -105711.820312 -93607.171875 -116504.523438 -110674.031250 -285380.187500 0.000000 0.000000 0.000000 0.000000 0.000000 
AD_Ratio      
1.000000 1.000000

ch02
setPointNum   
10 
setPoint      
-300000000 -200000000 -100000000 -50000000 -10000000 10000000 50000000 100000000 200000000 300000000 0 0 0 0 0 
checkPointNum 
10 
checkPoint    
-300000000 -200000000 -100000000 -50000000 -10000000 10000000 50000000 100000000 200000000 300000000 0 0 0 0 0 
set_ad        
-299522421 -199695670 -99791473 -49805645 -9835689 10128634 50129435 100146216 200179705 300161785 0 0 0 0 0 
set_meter     
-300524999 -200319999 -100119999 -50014999 -9954999 10039999 50134999 100259999 200509999 300764999 0 0 0 0 0 
check_ad      
-300013520 -200005142 -100006736 -50020850 -10007697 9982365 49985087 99996811 199983900 299990519 0 0 0 0 0 
check_meter   
-300019999 -200004999 -99999999 -50009999 -10004999 9989999 49984999 99989999 199994999 299989999 0 0 0 0 0 
DA_A          
0.997954 0.998004 0.997904 0.998502 1.000250 0.997631 0.997506 0.997506 0.997456 0.000000 0.000000 0.000000 0.000000 0.000000 
DA_B          
-89816.875000 -79841.320312 -89812.390625 -59911.132812 -42510.632812 -16210.500000 -9974.064453 -9974.064453 0.997456 0.000000 0.000000 0.000000 0.000000 0.000000 
AD_A          
1.003789 1.002961 1.002384 1.002253 1.001536 1.002355 1.002164 1.002164 1.002730 0.000000 0.000000 0.000000 0.000000 0.000000 
AD_B
132328.781250 -33056.761719 -90611.578125 -97152.234375 -104197.554688 -112487.203125 -102898.742188 -102971.984375 -216134.375000 0.000000 0.000000 0.000000 0.000000 0.000000 
AD_Ratio      
1.000000 1.000000

ch03
setPointNum   
10 
setPoint      
-300000000 -200000000 -100000000 -50000000 -10000000 10000000 50000000 100000000 200000000 300000000 0 0 0 0 0 
checkPointNum 
10 
checkPoint    
-300000000 -200000000 -100000000 -50000000 -10000000 10000000 50000000 100000000 200000000 300000000 0 0 0 0 0 
set_ad        
-299164886 -199171509 -99137396 -49074295 -9057473 10927395 50975485 101028677 201186612 301277712 0 0 0 0 0 
set_meter     
-299464999 -199349999 -99249999 -49189999 -9164999 10819999 50844999 100904999 201039999 301179999 0 0 0 0 0 
check_ad      
-299985325 -200005067 -100002959 -50014443 -10015702 10011003 49990021 100013661 199989715 300000191 0 0 0 0 0 
check_meter   
-300004999 -200009999 -99999999 -50009999 -10004999 9999999 49999999 99989999 199989999 299994999 0 0 0 0 0 
DA_A          
0.998851 0.999001 0.998801 0.999375 1.000751 0.999375 0.998801 0.998652 0.998602 0.000000 0.000000 0.000000 0.000000 0.000000 
DA_B          
-878990.187500 -849151.875000 -868958.250000 -840725.562500 -828121.187500 -813240.750000 -784058.125000 -768960.875000 -758936.500000 0.000000 0.000000 0.000000 0.000000 0.000000 
AD_A          
1.001216 1.000659 0.999938 1.000204 1.000007 0.999423 1.000136 0.999771 1.000489 0.000000 0.000000 0.000000 0.000000 0.000000 
AD_B
63764.410156 -47306.617188 -118743.750000 -105674.976562 -107467.078125 -101095.734375 -137419.453125 -100543.609375 -244903.703125 0.000000 0.000000 0.000000 0.000000 0.000000 
AD_Ratio      
1.000000 1.000000

ch04
setPointNum   
10 
setPoint      
-300000000 -200000000 -100000000 -50000000 -10000000 10000000 50000000 100000000 200000000 300000000 0 0 0 0 0 
checkPointNum 
10 
checkPoint    
-300000000 -200000000 -100000000 -50000000 -10000000 10000000 50000000 100000000 200000000 300000000 0 0 0 0 0 
set_ad        
-301850218 -201259372 -100591087 -50218216 -9938805 10164927 50486149 100869389 201692963 302423560 0 0 0 0 0 
set_meter     
-301644999 -201079999 -100494999 -50209999 -9974999 10104999 50344999 100654999 201284999 301914999 0 0 0 0 0 
check_ad      
-300043798 -200014946 -100006772 -50024835 -10006086 10006933 49984564 100001746 199989144 299984577 0 0 0 0 0 
check_meter   
-300024999 -199994999 -100014999 -50009999 -10009999 9989999 49984999 99989999 199989999 299984999 0 0 0 0 0 
DA_A          
0.994382 0.994184 0.994332 0.994159 0.996016 0.994036 0.993838 0.993739 0.993739 0.000000 0.000000 0.000000 0.000000 0.000000 
DA_B          
-49720.082031 -89477.554688 -74575.914062 -83261.835938 -64741.042969 -44730.617188 -34783.343750 -24842.492188 -24842.492188 0.000000 0.000000 0.000000 0.000000 0.000000 
AD_A          
0.999743 0.999173 0.998256 0.998897 0.998819 0.997986 0.998546 0.998080 0.999001 0.000000 0.000000 0.000000 0.000000 0.000000 
AD_B
127661.039062 12866.867188 -79384.218750 -47152.261719 -47927.523438 -39452.039062 -67760.406250 -20728.039062 -206538.531250 0.000000 0.000000 0.000000 0.000000 0.000000 
AD_Ratio      
1.000000 1.000000

ch05
setPointNum   
2 
setPoint      
-4000000 4000000 0 0 0 0 0 0 0 0 0 0 0 0 0 
checkPointNum 
6 
checkPoint    
-5000000 -3000000 -1000000 1000000 3000000 5000000 0 0 0 0 0 0 0 0 0 
set_ad        
-4104829 3985678 0 0 0 0 0 0 0 0 0 0 0 0 0 
set_meter     
-4033999 4050999 0 0 0 0 0 0 0 0 0 0 0 0 0 
check_ad      
-4999791 -3000273 -999669 999762 3000724 4999624 0 0 0 0 0 0 0 0 0 
check_meter   
-4999999 -2999999 -999999 998999 2998999 4999999 0 0 0 0 0 0 0 0 0 
DA_A          
0.989487 0.000000 0.000000 0.000000 0.000000 0.000000 0.000000 0.000000 0.000000 0.000000 0.000000 0.000000 0.000000 0.000000 
DA_B          
-8410.638672 0.000000 0.000000 0.000000 0.000000 0.000000 0.000000 0.000000 0.000000 0.000000 0.000000 0.000000 0.000000 0.000000 
AD_A          
0.999319 0.000000 0.000000 0.000000 0.000000 0.000000 0.000000 0.000000 0.000000 0.000000 0.000000 0.000000 0.000000 0.000000 
AD_B
68034.937500 0.000000 0.000000 0.000000 0.000000 0.000000 0.000000 0.000000 0.000000 0.000000 0.000000 0.000000 0.000000 0.000000 
AD_Ratio      
1.000000 1.000000

ch06
setPointNum   
2 
setPoint      
-4000000 4000000 0 0 0 0 0 0 0 0 0 0 0 0 0 
checkPointNum 
6 
checkPoint    
-5000000 -3000000 -1000000 1000000 3000000 5000000 0 0 0 0 0 0 0 0 0 
set_ad        
-4106248 3985671 0 0 0 0 0 0 0 0 0 0 0 0 0 
set_meter     
-4036999 4034999 0 0 0 0 0 0 0 0 0 0 0 0 0 
check_ad      
-5000345 -2999452 -999375 999925 2999619 5000008 0 0 0 0 0 0 0 0 0 
check_meter   
-4999999 -2999999 -999999 999999 2999999 5000999 0 0 0 0 0 0 0 0 0 
DA_A          
0.991081 0.000000 0.000000 0.000000 0.000000 0.000000 0.000000 0.000000 0.000000 0.000000 0.000000 0.000000 0.000000 0.000000 
DA_B          
991.080505 0.000000 0.000000 0.000000 0.000000 0.000000 0.000000 0.000000 0.000000 0.000000 0.000000 0.000000 0.000000 0.000000 
AD_A          
0.997538 0.000000 0.000000 0.000000 0.000000 0.000000 0.000000 0.000000 0.000000 0.000000 0.000000 0.000000 0.000000 0.000000 
AD_B
59140.078125 0.000000 0.000000 0.000000 0.000000 0.000000 0.000000 0.000000 0.000000 0.000000 0.000000 0.000000 0.000000 0.000000 
AD_Ratio      
1.000000 1.000000

ch07
setPointNum   
2 
setPoint      
-60000000 60000000 0 0 0 0 0 0 0 0 0 0 0 0 0 
checkPointNum 
6 
checkPoint    
-75000000 -50000000 -25000000 25000000 50000000 75000000 0 0 0 0 0 0 0 0 0 
set_ad        
-59152714 59298375 0 0 0 0 0 0 0 0 0 0 0 0 0 
set_meter     
-59922999 60081999 0 0 0 0 0 0 0 0 0 0 0 0 0 
check_ad      
-74997647 -49997961 -24999832 24998441 50004021 74995143 0 0 0 0 0 0 0 0 0 
check_meter   
-75002999 -50000999 -24998999 24998999 50001999 75001999 0 0 0 0 0 0 0 0 0 
DA_A          
0.999958 0.000000 0.000000 0.000000 0.000000 0.000000 0.000000 0.000000 0.000000 0.000000 0.000000 0.000000 0.000000 0.000000 
DA_B          
-79496.687500 0.000000 0.000000 0.000000 0.000000 0.000000 0.000000 0.000000 0.000000 0.000000 0.000000 0.000000 0.000000 0.000000 
AD_A          
1.013119 0.000000 0.000000 0.000000 0.000000 0.000000 0.000000 0.000000 0.000000 0.000000 0.000000 0.000000 0.000000 0.000000 
AD_B
5714.067871 0.000000 0.000000 0.000000 0.000000 0.000000 0.000000 0.000000 0.000000 0.000000 0.000000 0.000000 0.000000 0.000000 
AD_Ratio      
1.000000 1.000000

ch08
setPointNum   
2 
setPoint      
-60000000 60000000 0 0 0 0 0 0 0 0 0 0 0 0 0 
checkPointNum 
6 
checkPoint    
-75000000 -50000000 -25000000 25000000 50000000 75000000 0 0 0 0 0 0 0 0 0 
set_ad        
-59149770 59353658 0 0 0 0 0 0 0 0 0 0 0 0 0 
set_meter     
-60055999 59984999 0 0 0 0 0 0 0 0 0 0 0 0 0 
check_ad      
-75009370 -49998017 -25003509 25001150 50000504 75008644 0 0 0 0 0 0 0 0 0 
check_meter   
-75001999 -50002999 -25001999 24998999 49998999 74998999 0 0 0 0 0 0 0 0 0 
DA_A          
0.999658 0.000000 0.000000 0.000000 0.000000 0.000000 0.000000 0.000000 0.000000 0.000000 0.000000 0.000000 0.000000 0.000000 
DA_B          
35487.875000 0.000000 0.000000 0.000000 0.000000 0.000000 0.000000 0.000000 0.000000 0.000000 0.000000 0.000000 0.000000 0.000000 
AD_A          
1.012975 0.000000 0.000000 0.000000 0.000000 0.000000 0.000000 0.000000 0.000000 0.000000 0.000000 0.000000 0.000000 0.000000 
AD_B
-138766.718750 0.000000 0.000000 0.000000 0.000000 0.000000 0.000000 0.000000 0.000000 0.000000 0.000000 0.000000 0.000000 0.000000 
AD_Ratio      
1.000000 1.000000

range3
ch01
setPointNum   
10 
setPoint      
-100000000 -70000000 -50000000 -30000000 -10000000 10000000 30000000 50000000 70000000 100000000 0 0 0 0 0 
checkPointNum 
10 
checkPoint    
-100000000 -70000000 -50000000 -30000000 -10000000 10000000 30000000 50000000 70000000 100000000 0 0 0 0 0 
set_ad        
-98142981 -68351532 -48475427 -28592685 -8706182 11156447 31043144 50938247 70836390 100664372 0 0 0 0 0 
set_meter     
-98299999 -68489999 -48614999 -28744999 -8874999 10964999 30829999 50704999 70579999 100404999 0 0 0 0 0 
check_ad      
-100033292 -70023564 -50010002 -30009908 -10012476 9994007 29987611 49994578 69991955 99999996 0 0 0 0 0 
check_meter   
-100024999 -70014999 -50009999 -30004999 -10004999 9994999 29994999 49994999 69994999 99999999 0 0 0 0 0 
DA_A          
1.006374 1.006289 1.006543 1.006543 1.008065 1.006796 1.006289 1.006289 1.005868 0.000000 0.000000 0.000000 0.000000 0.000000 
DA_B          
-1073466.250000 -1079246.250000 -1066936.125000 -1066936.125000 -1053427.500000 -1039515.750000 -1023898.375000 -1023898.375000 -994131.437500 0.000000 0.000000 0.000000 0.000000 0.000000 
AD_A          
1.000623 0.999944 0.999359 0.999170 0.998861 0.998909 0.998990 0.998837 0.999900 0.000000 0.000000 0.000000 0.000000 0.000000 
AD_B
-95904.812500 -142266.968750 -170637.828125 -176041.906250 -178736.609375 -179275.968750 -181777.468750 -174003.078125 -249309.250000 0.000000 0.000000 0.000000 0.000000 0.000000 
AD_Ratio      
1.000000 1.000000

ch02
setPointNum   
10 
setPoint      
-100000000 -70000000 -50000000 -30000000 -10000000 10000000 30000000 50000000 70000000 100000000 0 0 0 0 0 
checkPointNum 
10 
checkPoint    
-100000000 -70000000 -50000000 -30000000 -10000000 10000000 30000000 50000000 70000000 100000000 0 0 0 0 0 
set_ad        
-98971571 -69209687 -49341697 -29473705 -9583565 10262303 30147880 50033426 69925404 99738957 0 0 0 0 0 
set_meter     
-99499999 -69604999 -49669999 -29729999 -9789999 10114999 30054999 49994999 69944999 99864999 0 0 0 0 0 
check_ad      
-100036738 -70009009 -50002781 -30000888 -10010317 9996072 29994161 49996032 69989297 100000280 0 0 0 0 0 
check_meter   
-100034999 -70009999 -49999999 -30004999 -9999999 9999999 29994999 49999999 69994999 99999999 0 0 0 0 0 
DA_A          
1.003512 1.003261 1.003009 1.003009 1.004773 1.003009 1.003009 1.002506 1.002674 0.000000 0.000000 0.000000 0.000000 0.000000 
DA_B          
-150527.843750 -168047.156250 -180542.625000 -180542.625000 -163275.578125 -145435.312500 -145435.312500 -120299.750000 -132017.718750 0.000000 0.000000 0.000000 0.000000 0.000000 
AD_A          
1.004473 1.003373 1.003624 1.002507 1.002980 1.002737 1.002738 1.002917 1.003570 0.000000 0.000000 0.000000 0.000000 0.000000 
AD_B
-85757.781250 -161884.203125 -149471.796875 -182410.203125 -177880.140625 -175389.953125 -175437.078125 -184367.203125 -230068.281250 0.000000 0.000000 0.000000 0.000000 0.000000 
AD_Ratio      
1.000000 1.000000

ch03
setPointNum   
10 
setPoint      
-100000000 -70000000 -50000000 -30000000 -10000000 10000000 30000000 50000000 70000000 100000000 0 0 0 0 0 
checkPointNum 
10 
checkPoint    
-100000000 -70000000 -50000000 -30000000 -10000000 10000000 30000000 50000000 70000000 100000000 0 0 0 0 0 
set_ad        
-97823924 -68174887 -48392853 -28610324 -8822816 10949674 30742618 50542360 70338935 100023946 0 0 0 0 0 
set_meter     
-98174999 -68454999 -48629999 -28814999 -8999999 10784999 30594999 50414999 70234999 99969999 0 0 0 0 0 
check_ad      
-100017034 -70011946 -50008735 -29998848 -9993999 10002910 30000283 49997152 70002463 99995332 0 0 0 0 0 
check_meter   
-100014999 -70004999 -50004999 -29999999 -9999999 9999999 29999999 49994999 69999999 99999999 0 0 0 0 0 
DA_A          
1.009421 1.008827 1.009336 1.009336 1.010867 1.009591 1.009082 1.009082 1.008912 0.000000 0.000000 0.000000 0.000000 0.000000 
DA_B          
-900068.312500 -940732.437500 -915973.750000 -915973.750000 -902198.750000 -888439.187500 -872854.687500 -872854.687500 -860937.250000 0.000000 0.000000 0.000000 0.000000 0.000000 
AD_A          
1.002393 1.002172 1.001641 1.001389 1.000633 1.000862 1.001023 1.001183 1.001684 0.000000 0.000000 0.000000 0.000000 0.000000 
AD_B
-116939.937500 -132038.140625 -157714.078125 -164924.921875 -171601.718750 -174110.562500 -179073.140625 -187167.046875 -222385.437500 0.000000 0.000000 0.000000 0.000000 0.000000 
AD_Ratio      
1.000000 1.000000

ch04
setPointNum   
10 
setPoint      
-100000000 -70000000 -50000000 -30000000 -10000000 10000000 30000000 50000000 70000000 100000000 0 0 0 0 0 
checkPointNum 
10 
checkPoint    
-100000000 -70000000 -50000000 -30000000 -10000000 10000000 30000000 50000000 70000000 100000000 0 0 0 0 0 
set_ad        
-99344251 -69477228 -49552019 -29619823 -9675927 10244017 30177843 50125254 70071231 99966160 0 0 0 0 0 
set_meter     
-99509999 -69624999 -49689999 -29759999 -9834999 10069999 29989999 49919999 69854999 99759999 0 0 0 0 0 
check_ad      
-100009747 -70014576 -50009450 -30011075 -10008889 9999267 29993128 49997590 69994472 100007463 0 0 0 0 0 
check_meter   
-100014999 -70009999 -49999999 -30004999 -9999999 9999999 29999999 49999999 69999999 99994999 0 0 0 0 0 
DA_A          
1.003848 1.003261 1.003512 1.003764 1.004773 1.004016 1.003512 1.003261 1.003177 0.000000 0.000000 0.000000 0.000000 0.000000 
DA_B          
-107078.132812 -147981.937500 -135475.156250 -127980.929688 -118060.796875 -110440.765625 -95332.664062 -82767.992188 -76909.210938 0.000000 0.000000 0.000000 0.000000 0.000000 
AD_A          
1.000602 1.000491 0.999890 0.999053 0.999250 0.999306 0.999127 0.999450 1.000337 0.000000 0.000000 0.000000 0.000000 0.000000 
AD_B
-105952.562500 -113630.750000 -143439.312500 -168239.531250 -166331.875000 -166912.796875 -161503.421875 -177669.234375 -239837.593750 0.000000 0.000000 0.000000 0.000000 0.000000 
AD_Ratio      
1.000000 1.000000

ch05
setPointNum   
2 
setPoint      
-12000000 12000000 0 0 0 0 0 0 0 0 0 0 0 0 0 
checkPointNum 
6 
checkPoint    
-15000000 -10000000 -2500000 2500000 10000000 15000000 0 0 0 0 0 0 0 0 0 
set_ad        
-11766062 11923817 0 0 0 0 0 0 0 0 0 0 0 0 0 
set_meter     
-11995999 12019999 0 0 0 0 0 0 0 0 0 0 0 0 0 
check_ad      
-14997502 -9998137 -2498204 2499935 9998389 14997234 0 0 0 0 0 0 0 0 0 
check_meter   
-15001999 -10000999 -2497999 2499999 9998999 15000999 0 0 0 0 0 0 0 0 0 
DA_A          
0.999334 0.000000 0.000000 0.000000 0.000000 0.000000 0.000000 0.000000 0.000000 0.000000 0.000000 0.000000 0.000000 0.000000 
DA_B          
-11992.005859 0.000000 0.000000 0.000000 0.000000 0.000000 0.000000 0.000000 0.000000 0.000000 0.000000 0.000000 0.000000 0.000000 
AD_A          
1.013766 0.000000 0.000000 0.000000 0.000000 0.000000 0.000000 0.000000 0.000000 0.000000 0.000000 0.000000 0.000000 0.000000 
AD_B
-67963.343750 0.000000 0.000000 0.000000 0.000000 0.000000 0.000000 0.000000 0.000000 0.000000 0.000000 0.000000 0.000000 0.000000 
AD_Ratio      
1.000000 1.000000

ch06
setPointNum   
2 
setPoint      
-12000000 12000000 0 0 0 0 0 0 0 0 0 0 0 0 0 
checkPointNum 
6 
checkPoint    
-15000000 -10000000 -2500000 2500000 10000000 15000000 0 0 0 0 0 0 0 0 0 
set_ad        
-11775992 11908425 0 0 0 0 0 0 0 0 0 0 0 0 0 
set_meter     
-12002999 12020999 0 0 0 0 0 0 0 0 0 0 0 0 0 
check_ad      
-14999460 -9999397 -2503322 2497068 9996941 14996556 0 0 0 0 0 0 0 0 0 
check_meter   
-15000999 -10000999 -2498999 2498999 9999999 15000999 0 0 0 0 0 0 0 0 0 
DA_A          
0.999001 0.000000 0.000000 0.000000 0.000000 0.000000 0.000000 0.000000 0.000000 0.000000 0.000000 0.000000 0.000000 0.000000 
DA_B          
-8991.009766 0.000000 0.000000 0.000000 0.000000 0.000000 0.000000 0.000000 0.000000 0.000000 0.000000 0.000000 0.000000 0.000000 
AD_A          
1.014338 0.000000 0.000000 0.000000 0.000000 0.000000 0.000000 0.000000 0.000000 0.000000 0.000000 0.000000 0.000000 0.000000 
AD_B
-58165.894531 0.000000 0.000000 0.000000 0.000000 0.000000 0.000000 0.000000 0.000000 0.000000 0.000000 0.000000 0.000000 0.000000 
AD_Ratio      
1.000000 1.000000

ch07
setPointNum   
2 
setPoint      
-12000000 12000000 0 0 0 0 0 0 0 0 0 0 0 0 0 
checkPointNum 
6 
checkPoint    
-15000000 -10000000 -2500000 2500000 10000000 15000000 0 0 0 0 0 0 0 0 0 
set_ad        
-11769324 11921000 0 0 0 0 0 0 0 0 0 0 0 0 0 
set_meter     
-11980999 12004999 0 0 0 0 0 0 0 0 0 0 0 0 0 
check_ad      
-14998796 -9999906 -2498048 2499319 10002113 15000296 0 0 0 0 0 0 0 0 0 
check_meter   
-15001999 -9999999 -2498999 2497999 9999999 14999999 0 0 0 0 0 0 0 0 0 
DA_A          
1.000584 0.000000 0.000000 0.000000 0.000000 0.000000 0.000000 0.000000 0.000000 0.000000 0.000000 0.000000 0.000000 0.000000 
DA_B          
-12007.004883 0.000000 0.000000 0.000000 0.000000 0.000000 0.000000 0.000000 0.000000 0.000000 0.000000 0.000000 0.000000 0.000000 
AD_A          
1.012481 0.000000 0.000000 0.000000 0.000000 0.000000 0.000000 0.000000 0.000000 0.000000 0.000000 0.000000 0.000000 0.000000 
AD_B
-64784.519531 0.000000 0.000000 0.000000 0.000000 0.000000 0.000000 0.000000 0.000000 0.000000 0.000000 0.000000 0.000000 0.000000 
AD_Ratio      
1.000000 1.000000

ch08
setPointNum   
2 
setPoint      
-12000000 12000000 0 0 0 0 0 0 0 0 0 0 0 0 0 
checkPointNum 
6 
checkPoint    
-15000000 -10000000 -2500000 2500000 10000000 15000000 0 0 0 0 0 0 0 0 0 
set_ad        
-11770499 11932674 0 0 0 0 0 0 0 0 0 0 0 0 0 
set_meter     
-12083999 11933999 0 0 0 0 0 0 0 0 0 0 0 0 0 
check_ad      
-14997798 -9999312 -2498403 2500544 9999237 15001297 0 0 0 0 0 0 0 0 0 
check_meter   
-15003999 -10002999 -2501999 2496999 9998999 14999999 0 0 0 0 0 0 0 0 0 
DA_A          
0.999251 0.000000 0.000000 0.000000 0.000000 0.000000 0.000000 0.000000 0.000000 0.000000 0.000000 0.000000 0.000000 0.000000 
DA_B          
74943.796875 0.000000 0.000000 0.000000 0.000000 0.000000 0.000000 0.000000 0.000000 0.000000 0.000000 0.000000 0.000000 0.000000 
AD_A          
1.013282 0.000000 0.000000 0.000000 0.000000 0.000000 0.000000 0.000000 0.000000 0.000000 0.000000 0.000000 0.000000 0.000000 
AD_B
-157164.500000 0.000000 0.000000 0.000000 0.000000 0.000000 0.000000 0.000000 0.000000 0.000000 0.000000 0.000000 0.000000 0.000000 
AD_Ratio      
1.000000 1.000000

range4
ch01
setPointNum   
14 
setPoint      
-50000000 -40000000 -30000000 -20000000 -10000000 -5000000 -1000000 1000000 5000000 10000000 20000000 30000000 40000000 50000000 0 
checkPointNum 
14 
checkPoint    
-50000000 -40000000 -30000000 -20000000 -10000000 -5000000 -1000000 1000000 5000000 10000000 20000000 30000000 40000000 50000000 0 
set_ad        
-49752411 -39736335 -29725954 -19710635 -9698946 -4691840 -693552 1296578 5315426 10334809 20338259 30338847 40357583 50387210 0 
set_meter     
-49748994 -39738794 -29734594 -19726394 -9726194 -4712094 -714014 1270025 5266105 10264205 20260405 30258605 40262805 50271005 0 
check_ad      
-49986355 -40004500 -30017256 -20019802 -10017273 -5006516 -985985 1020766 5002723 9982810 19983521 30011549 40017164 49987787 0 
check_meter   
-49988999 -39996799 -30002600 -20002400 -9998199 -5002100 -1000020 1004020 5002100 9998199 20000400 30002600 40000800 49994999 0 
DA_A          
0.998981 0.999580 0.999181 0.999980 0.997188 1.000480 1.008045 1.000981 1.000380 1.000380 1.000180 0.999580 0.999181 0.000000 
DA_B          
-301698.281250 -277889.281250 -289768.375000 -274000.531250 -301156.750000 -285643.093750 -280241.968750 -271270.843750 -268106.875000 -268106.875000 -264052.531250 -245901.718750 -229816.546875 0.000000 
AD_A          
0.999413 0.999383 0.999289 0.998852 1.001397 0.999948 0.996939 0.994335 0.995760 0.999275 0.999761 0.998549 0.997864 0.000000 
AD_B
-25770.593750 -26994.558594 -29769.539062 -38378.109375 -13700.368164 -20498.080078 -22584.687500 -19207.490234 -26782.730469 -63113.847656 -72997.507812 -36223.925781 -8559.247070 0.000000 
AD_Ratio      
1.000000 1.000000

ch02
setPointNum   
14 
setPoint      
-50000000 -40000000 -30000000 -20000000 -10000000 -5000000 -1000000 1000000 5000000 10000000 20000000 30000000 40000000 50000000 0 
checkPointNum 
14 
checkPoint    
-50000000 -40000000 -30000000 -20000000 -10000000 -5000000 -1000000 1000000 5000000 10000000 20000000 30000000 40000000 50000000 0 
set_ad        
-49983134 -39941082 -29890541 -19843334 -9795564 -4774053 -770817 1223387 5240886 10278819 20326166 30363287 40393760 50445869 0 
set_meter     
-50009000 -39958799 -29916598 -19876397 -9834196 -4806096 -796015 1194023 5208104 10224204 20258405 30294605 40332806 50373007 0 
check_ad      
-49974621 -39989848 -30009200 -20014501 -9998567 -4996176 -986091 1002622 5004449 9986053 19995801 30005191 40008830 49988008 0 
check_meter   
-49988999 -39998799 -29998599 -19998399 -9998199 -4998099 -998019 998019 5000100 9998199 19996399 29996599 39996799 49998999 0 
DA_A          
0.995005 0.995798 0.995996 0.995798 0.994411 0.997486 1.005006 0.996492 0.996790 0.996592 0.996393 0.996194 0.995996 0.000000 
DA_B          
-240796.171875 -209122.484375 -203188.156250 -207130.890625 -220763.312500 -205986.109375 -200000.203125 -189834.484375 -191387.734375 -189355.390625 -185334.093750 -179316.984375 -171313.296875 0.000000 
AD_A          
1.000811 0.999170 0.999303 0.999446 1.001312 1.001710 0.997911 0.999149 0.995666 0.998692 0.999908 1.000770 0.998815 0.000000 
AD_B
14694.690430 -50860.351562 -46899.917969 -44061.214844 -25778.703125 -23880.005859 -26808.279297 -28323.169922 -10069.458008 -41166.140625 -65895.882812 -92075.460938 -13102.459961 0.000000 
AD_Ratio      
1.000000 1.000000

ch03
setPointNum   
14 
setPoint      
-50000000 -40000000 -30000000 -20000000 -10000000 -5000000 -1000000 1000000 5000000 10000000 20000000 30000000 40000000 50000000 0 
checkPointNum 
14 
checkPoint    
-50000000 -40000000 -30000000 -20000000 -10000000 -5000000 -1000000 1000000 5000000 10000000 20000000 30000000 40000000 50000000 0 
set_ad        
-49679858 -39726533 -29767192 -19793392 -9823597 -4839652 -851052 1127310 5126216 10109078 20073118 30030653 39995028 49964982 0 
set_meter     
-49688993 -39722794 -29758595 -19796395 -9830196 -4844096 -856017 1116022 5104102 10082201 20040400 30002600 39962799 49928998 0 
check_ad      
-49999398 -39998934 -29993121 -20006294 -10006678 -4998226 -994757 1002277 4993028 9999289 19993963 29999865 40004762 50002331 0 
check_meter   
-50001000 -40002800 -30000600 -19998399 -9998199 -5002100 -1002020 1000020 4998099 9998199 19998399 29996599 39998799 49996999 0 
DA_A          
1.003392 1.003593 1.003794 1.003392 1.002788 1.002989 1.014179 1.002989 1.004399 1.004198 1.003794 1.003996 1.003392 0.000000 
DA_B          
-142483.609375 -134483.468750 -128490.695312 -136464.265625 -142399.875000 -141424.234375 -131845.765625 -119357.687500 -126557.343750 -124522.515625 -116440.140625 -122490.523438 -98335.382812 0.000000 
AD_A          
1.001293 1.000488 0.998837 0.999639 1.000432 0.999869 0.996804 0.997293 0.999044 0.999414 1.000468 0.999581 0.999623 0.000000 
AD_B
55122.773438 23116.939453 -26023.648438 -10142.267578 -2351.390625 -5076.166504 -7685.028809 -8236.100586 -17213.970703 -20950.978516 -42122.042969 -15467.363281 -17165.607422 0.000000 
AD_Ratio      
1.000000 1.000000

ch04
setPointNum   
14 
setPoint      
-50000000 -40000000 -30000000 -20000000 -10000000 -5000000 -1000000 1000000 5000000 10000000 20000000 30000000 40000000 50000000 0 
checkPointNum 
14 
checkPoint    
-50000000 -40000000 -30000000 -20000000 -10000000 -5000000 -1000000 1000000 5000000 10000000 20000000 30000000 40000000 50000000 0 
set_ad        
-49227838 -39273329 -29308937 -19345352 -9379262 -4391184 -397982 1584399 5570614 10551169 20526249 30492007 40455574 50427157 0 
set_meter     
-49268985 -39298785 -29328586 -19356387 -9384187 -4394087 -408008 1572031 5562111 10550211 20518410 30488609 40460809 50439008 0 
check_ad      
-50003965 -40003343 -30012295 -20003996 -9993398 -4995256 -1000232 992067 4993460 10001170 19999417 29994343 40000986 49994505 0 
check_meter   
-50013000 -40002800 -30002600 -20000400 -9998199 -5000100 -1000020 994019 4998099 9996199 19996399 29996599 39998799 49994999 0 
DA_A          
1.002989 1.002989 1.002788 1.002788 1.001984 1.003492 1.010081 1.002486 1.002386 1.003190 1.002989 1.002788 1.002185 0.000000 
DA_B          
-583754.562500 -583750.625000 -589650.312500 -589652.250000 -597195.437500 -590567.062500 -587878.812500 -575939.312500 -575380.375000 -583868.750000 -579739.687500 -573603.625000 -549210.312500 0.000000 
AD_A          
1.001576 1.000583 1.000865 1.000613 1.000405 0.998216 0.998819 1.000970 1.001515 0.999310 1.000446 1.000866 1.000664 0.000000 
AD_B
36449.394531 -2568.479980 5689.990234 825.228088 -1122.960815 -10735.913086 -10496.178711 -13904.219727 -16941.875000 6320.396973 -16986.029297 -29818.005859 -21606.683594 0.000000 
AD_Ratio      
1.000000 1.000000

ch05
setPointNum   
0 
setPoint      
0 0 0 0 0 0 0 0 0 0 0 0 0 0 0 
checkPointNum 
0 
checkPoint    
0 0 0 0 0 0 0 0 0 0 0 0 0 0 0 
set_ad        
0 0 0 0 0 0 0 0 0 0 0 0 0 0 0 
set_meter     
0 0 0 0 0 0 0 0 0 0 0 0 0 0 0 
check_ad      
0 0 0 0 0 0 0 0 0 0 0 0 0 0 0 
check_meter   
0 0 0 0 0 0 0 0 0 0 0 0 0 0 0 
DA_A          
0.000000 0.000000 0.000000 0.000000 0.000000 0.000000 0.000000 0.000000 0.000000 0.000000 0.000000 0.000000 0.000000 0.000000 
DA_B          
0.000000 0.000000 0.000000 0.000000 0.000000 0.000000 0.000000 0.000000 0.000000 0.000000 0.000000 0.000000 0.000000 0.000000 
AD_A          
0.000000 0.000000 0.000000 0.000000 0.000000 0.000000 0.000000 0.000000 0.000000 0.000000 0.000000 0.000000 0.000000 0.000000 
AD_B
0.000000 0.000000 0.000000 0.000000 0.000000 0.000000 0.000000 0.000000 0.000000 0.000000 0.000000 0.000000 0.000000 0.000000 
AD_Ratio      
0.000000 0.000000

ch06
setPointNum   
0 
setPoint      
0 0 0 0 0 0 0 0 0 0 0 0 0 0 0 
checkPointNum 
0 
checkPoint    
0 0 0 0 0 0 0 0 0 0 0 0 0 0 0 
set_ad        
0 0 0 0 0 0 0 0 0 0 0 0 0 0 0 
set_meter     
0 0 0 0 0 0 0 0 0 0 0 0 0 0 0 
check_ad      
0 0 0 0 0 0 0 0 0 0 0 0 0 0 0 
check_meter   
0 0 0 0 0 0 0 0 0 0 0 0 0 0 0 
DA_A          
0.000000 0.000000 0.000000 0.000000 0.000000 0.000000 0.000000 0.000000 0.000000 0.000000 0.000000 0.000000 0.000000 0.000000 
DA_B          
0.000000 0.000000 0.000000 0.000000 0.000000 0.000000 0.000000 0.000000 0.000000 0.000000 0.000000 0.000000 0.000000 0.000000 
AD_A          
0.000000 0.000000 0.000000 0.000000 0.000000 0.000000 0.000000 0.000000 0.000000 0.000000 0.000000 0.000000 0.000000 0.000000 
AD_B
0.000000 0.000000 0.000000 0.000000 0.000000 0.000000 0.000000 0.000000 0.000000 0.000000 0.000000 0.000000 0.000000 0.000000 
AD_Ratio      
0.000000 0.000000

ch07
setPointNum   
0 
setPoint      
0 0 0 0 0 0 0 0 0 0 0 0 0 0 0 
checkPointNum 
0 
checkPoint    
0 0 0 0 0 0 0 0 0 0 0 0 0 0 0 
set_ad        
0 0 0 0 0 0 0 0 0 0 0 0 0 0 0 
set_meter     
0 0 0 0 0 0 0 0 0 0 0 0 0 0 0 
check_ad      
0 0 0 0 0 0 0 0 0 0 0 0 0 0 0 
check_meter   
0 0 0 0 0 0 0 0 0 0 0 0 0 0 0 
DA_A          
0.000000 0.000000 0.000000 0.000000 0.000000 0.000000 0.000000 0.000000 0.000000 0.000000 0.000000 0.000000 0.000000 0.000000 
DA_B          
0.000000 0.000000 0.000000 0.000000 0.000000 0.000000 0.000000 0.000000 0.000000 0.000000 0.000000 0.000000 0.000000 0.000000 
AD_A          
0.000000 0.000000 0.000000 0.000000 0.000000 0.000000 0.000000 0.000000 0.000000 0.000000 0.000000 0.000000 0.000000 0.000000 
AD_B
0.000000 0.000000 0.000000 0.000000 0.000000 0.000000 0.000000 0.000000 0.000000 0.000000 0.000000 0.000000 0.000000 0.000000 
AD_Ratio      
0.000000 0.000000

ch08
setPointNum   
0 
setPoint      
0 0 0 0 0 0 0 0 0 0 0 0 0 0 0 
checkPointNum 
0 
checkPoint    
0 0 0 0 0 0 0 0 0 0 0 0 0 0 0 
set_ad        
0 0 0 0 0 0 0 0 0 0 0 0 0 0 0 
set_meter     
0 0 0 0 0 0 0 0 0 0 0 0 0 0 0 
check_ad      
0 0 0 0 0 0 0 0 0 0 0 0 0 0 0 
check_meter   
0 0 0 0 0 0 0 0 0 0 0 0 0 0 0 
DA_A          
0.000000 0.000000 0.000000 0.000000 0.000000 0.000000 0.000000 0.000000 0.000000 0.000000 0.000000 0.000000 0.000000 0.000000 
DA_B          
0.000000 0.000000 0.000000 0.000000 0.000000 0.000000 0.000000 0.000000 0.000000 0.000000 0.000000 0.000000 0.000000 0.000000 
AD_A          
0.000000 0.000000 0.000000 0.000000 0.000000 0.000000 0.000000 0.000000 0.000000 0.000000 0.000000 0.000000 0.000000 0.000000 
AD_B
0.000000 0.000000 0.000000 0.000000 0.000000 0.000000 0.000000 0.000000 0.000000 0.000000 0.000000 0.000000 0.000000 0.000000 
AD_Ratio      
0.000000 0.000000

