HARDWARE	MONITORING
1	11
2	32
3	54
4	12
5	33
6	55
7	13
8	34
9	56
10	14
11	35
12	57
13	15
14	36
15	58
16	16
17	37
18	59
19	17
20	38
21	60
22	18
23	39
24	61
25	19
26	40
27	62
28	20
29	41
30	63
31	42
32	64
33	21
34	43
35	1
36	22
37	44
38	2
39	23
40	45
41	3
42	24
43	46
44	4
45	25
46	47
47	5
48	26
49	48
50	6
51	27
52	49
53	7
54	28
55	50
56	8
57	29
58	51
59	9
60	30
61	52
62	10
63	31
64	53
65	76
66	98
67	119
68	77
69	99
70	120
71	78
72	100
73	121
74	79
75	101
76	122
77	80
78	102
79	123
80	81
81	103
82	124
83	82
84	104
85	125
86	83
87	105
88	126
89	84
90	106
91	127
92	85
93	107
94	128
95	86
96	108
97	65
98	87
99	66
100	88
101	109
102	67
103	89
104	110
105	68
106	90
107	111
108	69
109	91
110	112
111	70
112	92
113	113
114	71
115	93
116	114
117	72
118	94
119	115
120	73
121	95
122	116
123	74
124	96
125	117
126	75
127	97
128	118
129	139
130	160
131	182
132	140
133	161
134	183
135	141
136	162
137	184
138	142
139	163
140	185
141	143
142	164
143	186
144	144
145	165
146	187
147	145
148	166
149	188
150	146
151	167
152	189
153	147
154	168
155	190
156	148
157	169
158	191
159	170
160	192
161	149
162	171
163	129
164	150
165	172
166	130
167	151
168	173
169	131
170	152
171	174
172	132
173	153
174	175
175	133
176	154
177	176
178	134
179	155
180	177
181	135
182	156
183	178
184	136
185	157
186	179
187	137
188	158
189	180
190	138
191	159
192	181
193	204
194	226
195	247
196	205
197	227
198	248
199	206
200	228
201	249
202	207
203	229
204	250
205	208
206	230
207	251
208	209
209	231
210	252
211	210
212	232
213	253
214	211
215	233
216	254
217	212
218	234
219	255
220	213
221	235
222	256
223	214
224	236
225	193
226	215
227	194
228	216
229	237
230	195
231	217
232	238
233	196
234	218
235	239
236	197
237	219
238	240
239	198
240	220
241	241
242	199
243	221
244	242
245	200
246	222
247	243
248	201
249	223
250	244
251	202
252	224
253	245
254	203
255	225
256	246
