index_ch	hw_bd	hw_ch
1	2	34
2	2	37
3	2	40
4	2	43
5	2	46
6	2	49
7	2	52
8	2	55
9	2	58
10	2	61
11	2	0
12	2	3
13	2	6
14	2	9
15	2	12
16	2	15
17	2	18
18	2	21
19	2	24
20	2	27
21	2	32
22	2	35
23	2	38
24	2	41
25	2	44
26	2	47
27	2	50
28	2	53
29	2	56
30	2	59
31	2	62
32	2	1
33	2	4
34	2	7
35	2	10
36	2	13
37	2	16
38	2	19
39	2	22
40	2	25
41	2	28
42	2	30
43	2	33
44	2	36
45	2	39
46	2	42
47	2	45
48	2	48
49	2	51
50	2	54
51	2	57
52	2	60
53	2	63
54	2	2
55	2	5
56	2	8
57	2	11
58	2	14
59	2	17
60	2	20
61	2	23
62	2	26
63	2	29
64	2	31
65	3	32
66	3	34
67	3	37
68	3	40
69	3	43
70	3	46
71	3	49
72	3	52
73	3	55
74	3	58
75	3	61
76	3	0
77	3	3
78	3	6
79	3	9
80	3	12
81	3	15
82	3	18
83	3	21
84	3	24
85	3	27
86	3	30
87	3	33
88	3	35
89	3	38
90	3	41
91	3	44
92	3	47
93	3	50
94	3	53
95	3	56
96	3	59
97	3	62
98	3	1
99	3	4
100	3	7
101	3	10
102	3	13
103	3	16
104	3	19
105	3	22
106	3	25
107	3	28
108	3	31
109	3	36
110	3	39
111	3	42
112	3	45
113	3	48
114	3	51
115	3	54
116	3	57
117	3	60
118	3	63
119	3	2
120	3	5
121	3	8
122	3	11
123	3	14
124	3	17
125	3	20
126	3	23
127	3	26
128	3	29
129	2	34
130	2	37
131	2	40
132	2	43
133	2	46
134	2	49
135	2	52
136	2	55
137	2	58
138	2	61
139	2	0
140	2	3
141	2	6
142	2	9
143	2	12
144	2	15
145	2	18
146	2	21
147	2	24
148	2	27
149	2	32
150	2	35
151	2	38
152	2	41
153	2	44
154	2	47
155	2	50
156	2	53
157	2	56
158	2	59
159	2	62
160	2	1
161	2	4
162	2	7
163	2	10
164	2	13
165	2	16
166	2	19
167	2	22
168	2	25
169	2	28
170	2	30
171	2	33
172	2	36
173	2	39
174	2	42
175	2	45
176	2	48
177	2	51
178	2	54
179	2	57
180	2	60
181	2	63
182	2	2
183	2	5
184	2	8
185	2	11
186	2	14
187	2	17
188	2	20
189	2	23
190	2	26
191	2	29
192	2	31
193	3	32
194	3	34
195	3	37
196	3	40
197	3	43
198	3	46
199	3	49
200	3	52
201	3	55
202	3	58
203	3	61
204	3	0
205	3	3
206	3	6
207	3	9
208	3	12
209	3	15
210	3	18
211	3	21
212	3	24
213	3	27
214	3	30
215	3	33
216	3	35
217	3	38
218	3	41
219	3	44
220	3	47
221	3	50
222	3	53
223	3	56
224	3	59
225	3	62
226	3	1
227	3	4
228	3	7
229	3	10
230	3	13
231	3	16
232	3	19
233	3	22
234	3	25
235	3	28
236	3	31
237	3	36
238	3	39
239	3	42
240	3	45
241	3	48
242	3	51
243	3	54
244	3	57
245	3	60
246	3	63
247	3	2
248	3	5
249	3	8
250	3	11
251	3	14
252	3	17
253	3	20
254	3	23
255	3	26
256	3	29
