index_ch	hw_bd	hw_ch
1			4		11
2			4		13
3			4		15
4			4		17
5			4		19
6			4		21
7			4		23
8			4		25
9			4		27
10			4		29
11			4		31
12			4		33
13			4		35
14			4		37
15			4		39
16			4		41
17			4		43
18			4		45
19			4		47
20			4		49
21			4		12
22			4		14
23			4		16
24			4		18
25			4		20
26			4		22
27			4		24
28			4		26
29			4		28
30			4		30
31			4		32
32			4		34
33			4		36
34			4		38
35			4		40
36			4		42
37			4		44
38			4		46
39			4		48
40			4		50
41			3		21
42			3		23
43			3		25
44			3		27
45			3		29
46			3		31
47			3		33
48			3		35
49			3		37
50			3		39
51			3		41
52			3		43
53			3		45
54			3		47
55			3		49
56			4		1
57			4		3
58			4		5
59			4		7
60			4		9
61			3		22
62			3		24
63			3		26
64			3		28
65			3		30
66			3		32
67			3		34
68			3		36
69			3		38
70			3		40
71			3		42
72			3		44
73			3		46
74			3		48
75			3		50
76			4		2
77			4		4
78			4		6
79			4		8
80			4		10
81			2		31
82			2		33
83			2		35
84			2		37
85			2		39
86			2		41
87			2		43
88			2		45
89			2		47
90			2		49
91			3		1
92			3		3
93			3		5
94			3		7
95			3		9
96			3		11
97			3		13
98			3		15
99			3		17
100			3		19
101			2		32
102			2		34
103			2		36
104			2		38
105			2		40
106			2		42
107			2		44
108			2		46
109			2		48
110			2		50
111			3		2
112			3		4
113			3		6
114			3		8
115			3		10
116			3		12
117			3		14
118			3		16
119			3		18
120			3		20
121			1		41
122			1		43
123			1		45
124			1		47
125			1		49
126			2		1
127			2		3
128			2		5
129			2		7
130			2		9
131			2		11
132			2		13
133			2		15
134			2		17
135			2		19
136			2		21
137			2		23
138			2		25
139			2		27
140			2		29
141			1		42
142			1		44
143			1		46
144			1		48
145			1		50
146			2		2
147			2		4
148			2		6
149			2		8
150			2		10
151			2		12
152			2		14
153			2		16
154			2		18
155			2		20
156			2		22
157			2		24
158			2		26
159			2		28
160			2		30
161			1		1
162			1		3
163			1		5
164			1		7
165			1		9
166			1		11
167			1		13
168			1		15
169			1		17
170			1		19
171			1		21
172			1		23
173			1		25
174			1		27
175			1		29
176			1		31
177			1		33
178			1		35
179			1		37
180			1		39
181			1		2
182			1		4
183			1		6
184			1		8
185			1		10
186			1		12
187			1		14
188			1		16
189			1		18
190			1		20
191			1		22
192			1		24
193			1		26
194			1		28
195			1		30
196			1		32
197			1		34
198			1		36
199			1		38
200			1		40
201			1		51
202			1		52
203			1		53
204			1		54
205			1		55
206			1		56
207			1		57
208			1		58
209			1		59
210			1		60
211			1		61
212			1		62
213			1		63
214			1		64
215			2		51
216			2		52
217			2		53
218			2		54
219			2		55
220			2		56
221			2		57
222			2		58
223			2		59
224			2		60
225			2		61
226			2		62
227			2		63
228			2		64
229			3		51
230			3		52
231			3		53
232			3		54
233			3		55
234			3		56
235			3		57
236			3		58
237			3		59
238			3		60
239			3		61
240			3		62
241			3		63
242			3		64
243			4		51
244			4		52
245			4		53
246			4		54
247			4		55
248			4		56
249			4		57
250			4		58
251			4		59
252			4		60
253			4		61
254			4		62
255			4		63
256			4		64
